3

13.909378009096743156192133028526 13.957618640369759077657363377512 10.976405640568980714988356339745 

-4.2169898991666334708838803635444 -1.8769506851661379442930410732515 -9.8022314955123786006652153446339 

1 1 1 

3.2534711255147801267639806610532 -5.113769598604349653214740101248 -0.96034217173215941087960345612373 
0.92688590235319301413596804195549 4.0919489522558620819836505688727 -2.1457367625007912614876204315806 
-9.8419500314698531440171791473404 -4.0883669537095181922836673038546 6.3030951044132645932904779328965 

6.3030360743477036322701678727753 -5.9307228114550190056775136326905 0.71205037210090471599954753401107

-1.4718183413668830539222653897014 -4.7735361789362658058166744012851 0.08418336817964414131587602696527

-7.6449129123167303134778194362298 -2.2496151381978557459717649180675 7.9801875256837124794628834933974

