3

6.8006893203504290568162105046213 12.369304836869364550011596293189 11.007973549368676557946855609771 

-9.0359405554997263010363894863985 -8.3627440829361585628021202865057 2.9026020242191519216135020542424 

1 1 1 

3.37696582552680180100423967815 9.780990731558485862251473008655 0.37980421072150777339615501659864 
-7.1645992052831797280987302656285 6.1132526234714479329568348475732 0.36956618387477041531852250955126 
5.1599143854662052888215839629993 -6.549080462398576329974275722634 -5.7494885336335519454564746411052 

-6.9429723047537379443383542820811 -9.3602085212769328137483171303757 -1.0484501420909788649282745609526

-1.4121289670704855190308535384247 -3.0997997720889585160364276816836 -6.0423029911272996272941782081034

8.1107523846460161109916953137144 -3.5895013722916901954818058584351 9.7388573910235436414950527250767

