3

2.3241120221158269032457610592246 15.780938972174750389854125387501 9.7907130757813138899336991016753 

-9.6326501132709889674288206151687 -0.53066314233919165133102069376037 -4.7734602975909048439007165143266 

1 1 1 

-7.0528339481156603341105437721126 3.5724964887783889899708356097108 -7.8317348462680582699135811708402 
-7.4623063177332760176341253099963 -3.1172088273170213135188078013016 -3.889586988866577499379673099611 
-0.32855299264582216167696060438175 -8.1056610119223329036231007194147 2.4256031485483471321629167505307 

-5.1076164692435357395083883602638 9.6435646059048938383284621522762 2.0052240353758370439152258768445

-3.8511443589304015233665268169716 -3.7819036976588735754489789542276 3.167521867910989552541423108778

3.9596643854775139814705653407145 -5.9631518082359082910670622368343 6.7727654188889996333955423324369

