3

12.175498466577971967694793420378 7.2652677157799194773701856320258 15.274317872499903359084783005528 

-9.1174400813731448778298727120273 -3.6551249455515688602247337257722 0.27343837836527107310047313148971 

1 1 1 

7.9060078388656593872951816592831 5.5068479978199400548533049004618 5.7320201864234281430299233761616 
-6.2249653438178977893358023720793 5.1703795303180024589551067037974 -9.2846932795940126936784508870915 
5.9057673014678631062679414753802 9.3574029314400419821140530984849 7.0404629066313741958538230392151 

6.5267899996717755328745624865405 -7.9534473166364474394640637910925 0.078788346063475775404860712569644

-0.45413256682393110530426838522544 -3.7553358748923759691251689218916 -7.4844410676881185651154737570323

1.3326168407088221368184122184175 -3.2465266861631514316854918433819 9.8655772244864277098486127215438

