0 0.847112 0.19626
1 0.848032 0.174307
2 0.868011 0.162897
3 0.868011 0.203568
4 0.868011 0.18733
5 0.868011 0.20358
6 0.883422 0.210406
7 0.884133 0.213462
8 0.971877 0.21952
9 0.971877 0.22911
10 0.971877 0.222753
11 1 0.282643
11 0.843219 0.195205
12 0.843486 0.185144
13 0.843486 0.206832
14 0.847331 0.209001
15 0.847331 0.212656
16 0.847331 0.206168
17 0.847331 0.203173
18 0.847331 0.203618
19 0.847331 0.205416
20 0.847331 0.212149
21 0.849276 0.214592
22 0.849276 0.241061
23 0.852619 0.256367
24 0.85291 0.261231
25 0.85291 0.267119
26 0.85291 0.276595
27 0.85291 0.248703
28 0.853008 0.267231
29 0.853008 0.274777
30 0.853008 0.307812
31 0.853008 0.281285
32 0.853093 0.312593
33 0.853093 0.337325
34 0.853142 0.353605
35 0.857704 0.373505
36 0.857711 0.393189
37 0.926308 0.42522
38 0.926308 0.436738
39 0.927579 0.427347
40 0.927607 0.437791
41 0.927607 0.466678
42 0.927607 0.484472
43 0.927607 0.518404
44 0.927607 0.537967
45 0.927607 0.529153
46 0.927607 0.552599
47 0.928265 0.58862
48 0.928265 0.597211
49 0.928265 0.566468
50 0.928265 0.557073
51 0.928531 0.618552
52 0.928531 0.62099
53 0.928531 0.627518
54 0.928531 0.626175
55 0.928531 0.630432
56 0.928533 0.649618
57 0.928533 0.641132
58 0.928533 0.675742
59 0.928533 0.65635
60 0.928597 0.667695
61 0.928597 0.675608
62 0.928597 0.700279
63 0.928885 0.702672
64 0.928885 0.707864
65 0.928885 0.69423
66 0.928885 0.703456
67 0.928885 0.717859
68 0.928885 0.739404
69 0.928885 0.748251
70 0.928885 0.751224
71 0.928885 0.712452
72 0.928885 0.711914
73 0.928885 0.732616
74 0.928885 0.725859
75 0.929191 0.736733
76 0.929191 0.740435
77 0.929191 0.761326
78 0.929191 0.738032
79 0.929191 0.732526
80 0.929309 0.741465
81 0.929337 0.749967
82 0.929337 0.741842
83 0.929337 0.742224
84 0.929699 0.754341
85 0.929699 0.765466
86 0.929699 0.744105
87 0.929699 0.754064
88 0.929699 0.765229
89 0.929699 0.783004
90 0.929699 0.757241
91 0.929699 0.748364
92 0.929699 0.732035
93 0.929699 0.750893
94 0.929699 0.754753
95 0.929699 0.748432
96 0.929699 0.760366
97 0.929699 0.739538
98 0.929699 0.743405
99 0.929699 0.751804
100 0.929699 0.762346
101 0.929699 0.750923
102 0.929699 0.765143
103 0.929699 0.773667
104 0.929699 0.765898
105 0.929699 0.768867
106 0.929699 0.769066
107 0.929699 0.779386
108 0.929699 0.782222
109 0.929699 0.77945
110 0.929699 0.773182
111 0.929699 0.772788
112 0.929699 0.781568
113 0.929699 0.780548
114 0.929699 0.781307
115 0.929699 0.784076
116 0.929699 0.776435
117 0.929699 0.798071
118 0.929954 0.815504
119 0.929954 0.815094
120 0.929954 0.821206
121 0.929954 0.799883
122 0.929954 0.818435
123 0.929954 0.823331
124 0.929954 0.825698
125 0.929954 0.820159
126 0.929954 0.806416
127 0.929954 0.829599
128 0.929954 0.840899
129 0.929954 0.827153
130 0.929954 0.819594
131 0.929954 0.827443
132 0.929954 0.828867
133 0.929954 0.826544
134 0.929954 0.834058
135 0.929954 0.823324
136 0.929954 0.805178
137 0.929954 0.806046
138 0.929954 0.80627
139 0.929954 0.799576
140 0.929954 0.778657
141 0.929954 0.797157
142 0.929954 0.799496
143 0.929954 0.803603
144 0.929954 0.793848
145 0.929954 0.796424
146 0.929954 0.80146
147 0.929954 0.803326
148 0.929954 0.80234
149 0.929954 0.80362
150 0.929954 0.779982
151 0.929954 0.797122
152 0.929954 0.821311
153 0.929954 0.822701
154 0.929954 0.818299
155 0.929954 0.823603
156 0.929954 0.822038
157 0.929954 0.819649
158 0.929954 0.83317
159 0.929954 0.830867
160 0.929954 0.8288
161 0.929954 0.825424
162 0.929959 0.832152
163 0.930008 0.826975
164 0.930657 0.829619
165 0.930657 0.82728
166 0.930657 0.805677
167 0.930694 0.807502
168 0.930694 0.805844
169 0.930694 0.810709
170 0.930694 0.808048
171 0.930694 0.826327
172 0.930694 0.82134
173 0.930694 0.822548
174 0.930694 0.821594
175 0.930694 0.830107
176 0.930694 0.82963
177 0.930694 0.828186
178 0.930705 0.847849
179 0.930737 0.831614
180 0.930737 0.821237
181 0.930737 0.800123
182 0.930892 0.810849
183 0.931003 0.819735
184 0.931003 0.813931
185 0.931003 0.814903
186 0.931079 0.834848
187 0.931079 0.822553
188 0.931079 0.823903
189 0.931079 0.81847
190 0.931082 0.818993
191 0.931118 0.827783
192 0.931118 0.826691
193 0.931118 0.822857
194 0.931118 0.819448
195 0.931118 0.822543
196 0.931118 0.826884
197 0.931118 0.840926
198 0.931193 0.838308
199 0.931193 0.847114
200 0.931367 0.826637
201 0.931367 0.823978
202 0.931367 0.830981
203 0.931367 0.833277
204 0.931367 0.841106
205 0.931367 0.850696
206 0.931376 0.851954
207 0.931376 0.836106
208 0.931526 0.816944
209 0.931526 0.809052
210 0.931649 0.809518
211 0.931649 0.809191
212 0.93169 0.820694
213 0.931797 0.814965
214 0.931797 0.820154
215 0.931797 0.81651
216 0.931797 0.813105
217 0.931797 0.809532
218 0.931797 0.788395
219 0.931797 0.79302
220 0.931797 0.787866
221 0.931797 0.777449
222 0.931797 0.768865
223 0.932232 0.78927
224 0.932232 0.778438
225 0.932335 0.780806
226 0.932335 0.792332
227 0.932335 0.7884
228 0.932335 0.789305
229 0.932335 0.776208
230 0.932688 0.771475
231 0.932688 0.809858
232 0.932688 0.79595
233 0.932688 0.787093
234 0.932688 0.791946
235 0.932688 0.776301
236 0.932688 0.794377
237 0.932688 0.798227
238 0.932688 0.779808
239 0.932688 0.780958
240 0.932688 0.802314
241 0.932688 0.805825
242 0.932688 0.788697
243 0.932688 0.779772
244 0.932688 0.800888
245 0.932688 0.80211
246 0.932688 0.807755
247 0.932688 0.800908
248 0.93269 0.816931
249 0.93269 0.812796
250 0.93269 0.82283
251 0.93269 0.823568
252 0.93269 0.831612
253 0.932715 0.809608
254 0.932715 0.815236
255 0.932715 0.823452
256 0.932715 0.824101
257 0.93277 0.830932
258 0.93277 0.832777
259 0.93277 0.819169
260 0.93277 0.825137
261 0.93277 0.834542
262 0.93277 0.838417
263 0.93277 0.809998
264 0.93277 0.838358
265 0.93277 0.828544
266 0.93277 0.833822
267 0.93277 0.835879
268 0.93277 0.838841
269 0.93277 0.840347
270 0.93277 0.834803
271 0.93277 0.831358
272 0.93277 0.844937
273 0.93277 0.844114
274 0.93277 0.841465
275 0.93277 0.831544
276 0.93277 0.834158
277 0.93278 0.843223
278 0.932955 0.842187
279 0.932955 0.839779
280 0.932955 0.841931
281 0.932955 0.838612
282 0.933077 0.84522
283 0.933077 0.840448
284 0.933077 0.835875
285 0.933077 0.83893
286 0.933077 0.839759
287 0.933077 0.841109
288 0.933077 0.83603
289 0.933077 0.843543
290 0.933101 0.847796
291 0.933101 0.847115
292 0.933101 0.84102
293 0.933101 0.843957
294 0.933311 0.837935
295 0.933311 0.828617
296 0.933311 0.83404
297 0.933866 0.83704
298 0.933866 0.83057
299 0.933866 0.838133
300 0.933866 0.822731
301 0.933866 0.835837
302 0.933866 0.83494
303 0.933866 0.833373
304 0.933866 0.839816
305 0.933866 0.840185
306 0.933911 0.838187
307 0.933911 0.849656
308 0.933911 0.840946
309 0.933911 0.846334
310 0.933911 0.854815
311 0.933911 0.846007
312 0.933911 0.849773
313 0.933911 0.845934
314 0.933911 0.835186
315 0.933911 0.833506
316 0.934377 0.835145
317 0.934377 0.827875
318 0.934377 0.829899
319 0.934377 0.832891
320 0.934377 0.836822
321 0.934377 0.839012
322 0.934377 0.847887
323 0.934377 0.844324
324 0.934599 0.841343
325 0.934599 0.841236
326 0.934599 0.839968
327 0.934608 0.83976
328 0.934655 0.831821
329 0.934655 0.837284
330 0.934655 0.849372
331 0.934655 0.844083
332 0.934655 0.847671
333 0.934777 0.850952
334 0.934777 0.84707
335 0.934829 0.839608
336 0.934829 0.825482
337 0.934829 0.838895
338 0.934829 0.8209
339 0.934829 0.837378
340 0.934829 0.839185
341 0.934829 0.836003
342 0.934834 0.851506
343 0.936049 0.843794
344 0.936049 0.839886
345 0.936049 0.840588
346 0.936049 0.849996
347 0.936049 0.850438
348 0.936049 0.838215
349 0.936049 0.822163
350 0.936261 0.830654
351 0.936261 0.835164
352 0.936261 0.835327
353 0.936261 0.827744
354 0.936261 0.832073
355 0.936261 0.828775
356 0.936563 0.816165
357 0.936563 0.829407
358 0.936563 0.820853
359 0.936563 0.826882
360 0.938637 0.837681
361 0.938637 0.835591
362 0.938637 0.831176
363 0.93885 0.835509
364 0.939021 0.836226
365 0.939021 0.822992
366 0.939021 0.826164
367 0.939021 0.817917
368 0.939021 0.816829
369 0.939021 0.817296
370 0.939021 0.815151
371 0.939021 0.821314
372 0.939021 0.820166
373 0.939021 0.807479
374 0.939038 0.824062
375 0.939038 0.813458
376 0.939038 0.817687
377 0.939359 0.810185
378 0.939359 0.809438
379 0.942591 0.808084
380 0.942591 0.80251
381 0.942591 0.783171
382 0.942591 0.772148
383 0.942591 0.745598
384 0.942591 0.76691
385 0.943768 0.782828
386 0.943946 0.785035
387 0.943946 0.768354
388 0.945097 0.754087
389 0.945097 0.764619
390 0.945097 0.795037
391 0.945097 0.778092
392 0.945097 0.773766
393 0.945097 0.808481
394 0.945097 0.805461
395 0.945097 0.816806
396 0.945097 0.798711
397 0.945097 0.789139
398 0.945097 0.797243
399 0.945097 0.803272
400 0.945097 0.811063
401 0.945835 0.816336
402 0.945835 0.804583
403 0.945835 0.833478
404 0.945835 0.815788
405 0.945835 0.793104
406 0.945835 0.815236
407 0.945835 0.8227
408 0.945921 0.808306
409 0.945921 0.810677
410 0.945921 0.818788
411 0.945921 0.82393
412 0.945921 0.801364
413 0.945921 0.799491
414 0.945978 0.818007
415 0.945978 0.81236
416 0.945978 0.820116
417 0.945978 0.826961
418 0.945978 0.831764
419 0.946511 0.804454
420 0.946511 0.812628
421 0.946511 0.812991
422 0.946511 0.818316
423 0.946566 0.8085
424 0.946566 0.782636
425 0.946768 0.786379
426 0.946768 0.784717
427 0.946768 0.789165
428 0.947269 0.809885
429 0.947269 0.815643
430 0.947269 0.820467
431 0.947269 0.810186
432 0.947869 0.806461
433 0.947869 0.808199
434 0.947869 0.810695
435 0.948257 0.817377
436 0.948257 0.816942
437 0.948257 0.831403
438 0.948257 0.832727
439 0.948257 0.822119
440 0.948257 0.816063
441 0.948993 0.826861
442 0.948993 0.824638
443 0.948993 0.825368
444 0.948993 0.834974
445 0.949295 0.830516
446 0.949295 0.819166
447 0.949295 0.806028
448 0.949295 0.802313
449 0.951732 0.82158
450 0.951732 0.821319
451 0.952686 0.811115
452 0.952686 0.817548
453 0.953252 0.810925
454 0.953252 0.826217
455 0.953252 0.80518
456 0.953252 0.807706
457 0.953378 0.818558
458 0.953378 0.810058
459 0.953378 0.809587
460 0.953378 0.810611
461 0.953378 0.812111
462 0.953378 0.800768
463 0.953458 0.802818
464 0.953458 0.806229
465 0.953985 0.80893
466 0.954012 0.801761
467 0.954227 0.795205
468 0.954227 0.812008
469 0.954227 0.801654
470 0.954227 0.80253
471 0.954991 0.802628
472 0.955348 0.800222
473 0.955348 0.790989
474 0.955348 0.803482
475 0.955634 0.778746
476 0.955634 0.782118
477 0.955634 0.795759
478 0.955634 0.788103
479 0.955819 0.777483
480 0.955819 0.768579
481 0.955819 0.783726
482 0.955819 0.801577
483 0.955819 0.794532
484 0.955819 0.805577
485 0.955819 0.784957
486 0.955819 0.787447
487 0.955819 0.754295
488 0.956158 0.761198
489 0.957959 0.782189
490 0.957959 0.783764
491 0.957959 0.809798
492 0.957959 0.79481
493 0.958356 0.810785
494 0.958356 0.800466
495 0.959434 0.789641
496 0.959434 0.768783
497 0.959434 0.792975
498 0.959484 0.778676
499 0.959484 0.781525
500 0.959518 0.78225
501 0.959518 0.794382
502 0.959518 0.781782
503 0.959518 0.775915
504 0.959518 0.791692
505 0.959562 0.795823
506 0.959562 0.809464
507 0.959562 0.77855
508 0.96053 0.788797
509 0.96053 0.805012
510 0.96053 0.811668
511 0.96053 0.788909
512 0.960549 0.79399
513 0.960549 0.793119
514 0.960549 0.782019
515 0.960549 0.80144
516 0.96411 0.79772
517 0.96411 0.811026
518 0.96411 0.778808
519 0.96411 0.778795
520 0.96411 0.772575
521 0.964622 0.769826
522 0.964622 0.787575
523 0.964622 0.787974
524 0.964622 0.771017
525 0.964622 0.769675
526 0.964622 0.772059
527 0.964622 0.747617
528 0.964622 0.75137
529 0.964622 0.749988
530 0.964622 0.776591
531 0.964622 0.753925
532 0.964622 0.770069
533 0.964622 0.783163
534 0.964622 0.789195
535 0.964728 0.783717
536 0.964728 0.779999
537 0.964728 0.77765
538 0.964728 0.792291
539 0.964728 0.766738
540 0.965229 0.766974
541 0.965229 0.754499
542 0.965229 0.771965
543 0.965229 0.765816
544 0.965229 0.758716
545 0.965229 0.761934
546 0.965229 0.754965
547 0.965229 0.775964
548 0.965229 0.769874
549 0.96524 0.753409
550 0.96524 0.744293
551 0.96524 0.746586
552 0.96524 0.776223
553 0.96524 0.75408
554 0.96524 0.767574
555 0.96524 0.771733
556 0.96524 0.772733
557 0.966105 0.787699
558 0.966105 0.774398
559 0.966105 0.776504
560 0.966105 0.782317
561 0.966105 0.795697
562 0.966105 0.777963
563 0.966105 0.795548
564 0.966105 0.770684
565 0.966105 0.767363
566 0.966105 0.786334
567 0.966105 0.768503
568 0.966105 0.767683
569 0.966105 0.754748
570 0.966105 0.750545
571 0.966105 0.744983
572 0.966105 0.764514
573 0.966105 0.767829
574 0.966105 0.759272
575 0.966105 0.782146
576 0.966105 0.792742
577 0.966105 0.762907
578 0.966105 0.740515
579 0.966105 0.769381
580 0.966105 0.771112
581 0.966105 0.766871
582 0.966105 0.757869
583 0.966105 0.739787
584 0.966105 0.757882
585 0.966105 0.74213
586 0.966105 0.746511
587 0.966105 0.76156
588 0.966105 0.754366
589 0.966105 0.739818
590 0.966105 0.754279
591 0.966105 0.76025
592 0.966105 0.761105
593 0.966105 0.745444
594 0.966105 0.726622
595 0.966105 0.771141
596 0.966105 0.766531
597 0.966105 0.757284
598 0.966105 0.778732
599 0.966105 0.787753
600 0.966105 0.777639
601 0.966105 0.784278
602 0.966105 0.775857
603 0.966105 0.769484
604 0.966296 0.782882
605 0.966316 0.772961
606 0.966316 0.766088
607 0.966469 0.780131
608 0.966801 0.752217
609 0.966801 0.728119
610 0.966801 0.770544
611 0.966801 0.767923
612 0.966801 0.746668
613 0.966801 0.758142
614 0.966801 0.706215
615 0.966801 0.736076
616 0.966801 0.729557
617 0.966801 0.736181
618 0.966801 0.732772
619 0.966801 0.708842
620 0.966801 0.7181
621 0.966801 0.720983
622 0.966801 0.754006
623 0.966801 0.723153
624 0.967151 0.739482
625 0.967151 0.723726
626 0.967151 0.725221
627 0.967151 0.741476
628 0.967151 0.735291
629 0.967151 0.757429
630 0.967151 0.742149
631 0.967151 0.761422
632 0.967151 0.738149
633 0.967151 0.7288
634 0.967151 0.740487
635 0.967151 0.748835
636 0.967263 0.757324
637 0.967263 0.771154
638 0.967456 0.768139
639 0.967456 0.756277
640 0.967456 0.77279
641 0.967456 0.773386
642 0.967456 0.760587
643 0.967456 0.769269
644 0.967456 0.77608
645 0.967456 0.772292
646 0.967456 0.770588
647 0.967456 0.756005
648 0.967456 0.746626
649 0.967456 0.767824
650 0.967456 0.743586
651 0.967456 0.769154
652 0.967456 0.751141
653 0.967456 0.765993
654 0.967456 0.771424
655 0.967456 0.7647
656 0.967456 0.77056
657 0.967456 0.752366
658 0.967456 0.776699
659 0.967456 0.753073
660 0.967456 0.747466
661 0.967456 0.767609
662 0.967456 0.765792
663 0.967456 0.753865
664 0.967456 0.76103
665 0.967456 0.749072
666 0.967456 0.771588
667 0.967456 0.76238
668 0.967456 0.761039
669 0.967871 0.739856
670 0.967871 0.737267
671 0.967871 0.727387
672 0.967871 0.730492
673 0.967871 0.748591
674 0.967871 0.75106
675 0.967871 0.732457
676 0.967871 0.723936
677 0.967871 0.73346
678 0.967871 0.721824
679 0.967871 0.7069
680 0.968197 0.728623
681 0.968557 0.746032
682 0.968557 0.73648
683 0.968557 0.724993
684 0.968557 0.710506
685 0.968557 0.726184
686 0.968557 0.733048
687 0.968557 0.74428
688 0.968557 0.739904
689 0.968557 0.758736
690 0.968557 0.753362
691 0.968557 0.768969
692 0.968599 0.771456
693 0.968599 0.757045
694 0.968599 0.78642
695 0.968599 0.785194
696 0.968599 0.792672
697 0.968599 0.79364
698 0.968599 0.782705
699 0.968599 0.734878
700 0.968599 0.755314
701 0.968599 0.774417
702 0.968599 0.761534
703 0.968599 0.780635
704 0.968599 0.731987
705 0.968599 0.76516
706 0.968599 0.746217
707 0.968599 0.75559
708 0.968599 0.754291
709 0.968599 0.757224
710 0.968599 0.743464
711 0.968599 0.747958
712 0.968599 0.755362
713 0.968599 0.749672
714 0.968599 0.763331
715 0.968599 0.771713
716 0.968599 0.763593
717 0.968599 0.79862
718 0.968599 0.768686
719 0.968599 0.768626
720 0.968599 0.762398
721 0.968599 0.782176
722 0.968599 0.773669
723 0.968599 0.79582
724 0.968599 0.778896
725 0.968599 0.776405
726 0.968599 0.764933
727 0.968599 0.771288
728 0.968599 0.782176
729 0.968599 0.759419
730 0.968599 0.739567
731 0.968599 0.751713
732 0.968618 0.747274
733 0.968618 0.750136
734 0.968618 0.737951
735 0.968618 0.763912
736 0.968618 0.753689
737 0.968618 0.762571
738 0.968618 0.77217
739 0.968618 0.774076
740 0.968618 0.767451
741 0.968618 0.765799
742 0.968618 0.756987
743 0.968618 0.748596
744 0.968618 0.733678
745 0.968618 0.763352
746 0.968618 0.73801
747 0.968618 0.742488
748 0.968618 0.741441
749 0.968618 0.743796
750 0.968618 0.741748
751 0.968618 0.738063
752 0.968618 0.733154
753 0.968618 0.733274
754 0.968618 0.742791
755 0.968618 0.759346
756 0.968618 0.73568
757 0.968618 0.734624
758 0.968618 0.740591
759 0.968618 0.750488
760 0.968618 0.748287
761 0.968618 0.773351
762 0.968618 0.766689
763 0.968618 0.78778
764 0.968618 0.747027
765 0.968618 0.738862
766 0.968618 0.750067
767 0.968618 0.759721
768 0.968618 0.763146
769 0.968618 0.754111
770 0.968618 0.764436
771 0.968618 0.765311
772 0.968618 0.76167
773 0.968618 0.744895
774 0.968618 0.741667
775 0.968618 0.747937
776 0.968618 0.750212
777 0.968618 0.746266
778 0.968618 0.75655
779 0.968618 0.748952
780 0.968618 0.755728
781 0.970796 0.784705
782 0.970796 0.769498
783 0.971272 0.794158
784 0.971699 0.767888
785 0.971699 0.762602
786 0.971699 0.74978
787 0.971699 0.762228
788 0.971699 0.76055
789 0.971699 0.751164
790 0.972135 0.73757
791 0.972135 0.755062
792 0.972135 0.754555
793 0.972135 0.761708
794 0.972135 0.743569
795 0.972135 0.744917
796 0.972135 0.744518
797 0.972135 0.746082
798 0.972135 0.726862
799 0.972135 0.741044
800 0.972135 0.732358
801 0.9734 0.71473
802 0.9734 0.719852
803 0.9734 0.754239
804 0.9734 0.729843
805 0.9734 0.740398
806 0.9734 0.737967
807 0.9734 0.763486
808 0.9734 0.732778
809 0.9734 0.715895
810 0.9734 0.750641
811 0.9734 0.751017
812 0.9734 0.771575
813 0.9734 0.75413
814 0.9734 0.749364
815 0.9734 0.736975
816 0.974114 0.773604
817 0.974114 0.759393
818 0.974114 0.760744
819 0.974114 0.751777
820 0.974114 0.759597
821 0.974114 0.773139
822 0.974114 0.758793
823 0.974114 0.756412
824 0.974114 0.76192
825 0.974114 0.725008
826 0.974114 0.739266
827 0.974114 0.74777
828 0.974114 0.763488
829 0.974114 0.74272
830 0.974114 0.761166
831 0.974114 0.742254
832 0.974114 0.733318
833 0.974114 0.728861
834 0.974114 0.729644
835 0.974114 0.739886
836 0.974114 0.747181
837 0.974114 0.753123
838 0.974114 0.733822
839 0.974114 0.72298
840 0.974114 0.735844
841 0.974114 0.758714
842 0.974114 0.745825
843 0.974114 0.756465
844 0.974114 0.753349
845 0.974114 0.765788
846 0.974114 0.749154
847 0.974114 0.768612
848 0.974114 0.79558
849 0.974114 0.75188
850 0.974114 0.757182
851 0.974114 0.765733
852 0.974114 0.772722
853 0.974114 0.773021
854 0.974114 0.788964
855 0.974114 0.748753
856 0.974114 0.778275
857 0.974114 0.766686
858 0.974114 0.762149
859 0.974114 0.755484
860 0.974114 0.760046
861 0.974114 0.769198
862 0.974114 0.782495
863 0.974114 0.782255
864 0.974114 0.758547
865 0.974114 0.761967
866 0.974114 0.743168
867 0.974114 0.73574
868 0.974114 0.746209
869 0.974372 0.730348
870 0.974372 0.763003
871 0.974372 0.744396
872 0.974424 0.76942
873 0.974456 0.76153
874 0.974456 0.768545
875 0.974456 0.758606
876 0.974456 0.733451
877 0.974456 0.735838
878 0.974456 0.727464
879 0.974456 0.760346
880 0.974456 0.752107
881 0.974456 0.775124
882 0.974456 0.759206
883 0.974456 0.757336
884 0.974456 0.750156
885 0.974456 0.772706
886 0.974456 0.749771
887 0.974456 0.738755
888 0.974456 0.726811
889 0.974456 0.754963
890 0.974456 0.737711
891 0.974456 0.760505
892 0.974456 0.757276
893 0.974456 0.76708
894 0.974456 0.784835
895 0.974456 0.796406
896 0.974456 0.776073
897 0.974456 0.763101
898 0.974456 0.748052
899 0.974456 0.761111
900 0.974456 0.766003
901 0.974456 0.775878
902 0.974456 0.767191
903 0.974456 0.75432
904 0.974456 0.766609
905 0.974456 0.762369
906 0.974469 0.777238
907 0.974469 0.758136
908 0.974469 0.754415
909 0.974469 0.741974
910 0.974469 0.752449
911 0.974469 0.737354
912 0.974469 0.738003
913 0.974469 0.734323
914 0.974469 0.710167
915 0.974469 0.740485
916 0.974469 0.746014
917 0.974469 0.751281
918 0.974469 0.762033
919 0.974469 0.76942
920 0.974469 0.764003
921 0.974469 0.762237
922 0.974469 0.750114
923 0.974469 0.765488
924 0.974469 0.734004
925 0.974469 0.755388
926 0.974469 0.740338
927 0.974469 0.73688
928 0.974469 0.740567
929 0.974469 0.732174
930 0.974507 0.760442
931 0.974507 0.73882
932 0.974507 0.763451
933 0.974507 0.751042
934 0.974507 0.754014
935 0.974507 0.760843
936 0.974507 0.75763
937 0.974507 0.762616
938 0.974507 0.770754
939 0.974507 0.791397
940 0.974507 0.770537
941 0.974507 0.748692
942 0.974507 0.761856
943 0.974507 0.743124
944 0.974523 0.752179
945 0.974523 0.740136
946 0.974523 0.781509
947 0.974523 0.787993
948 0.974523 0.773064
949 0.974523 0.765623
950 0.974523 0.766748
951 0.974523 0.79398
952 0.974523 0.789442
953 0.974523 0.800152
954 0.975039 0.806496
955 0.975039 0.798274
956 0.975039 0.771735
957 0.975282 0.777787
958 0.975282 0.7732
959 0.975612 0.793056
960 0.975612 0.768793
961 0.975612 0.771865
962 0.975612 0.754885
963 0.975612 0.76187
964 0.975612 0.774815
965 0.975612 0.771919
966 0.975612 0.757308
967 0.975612 0.744773
968 0.975612 0.764682
969 0.975612 0.760104
970 0.975612 0.754056
971 0.975612 0.759355
972 0.975612 0.768538
973 0.975679 0.771767
974 0.975679 0.774118
975 0.975679 0.766124
976 0.975679 0.76521
977 0.975786 0.774402
978 0.975786 0.750158
979 0.975786 0.742316
980 0.975786 0.741543
981 0.975786 0.730215
982 0.975786 0.760065
983 0.975786 0.748167
984 0.975786 0.716942
985 0.975786 0.743931
986 0.975786 0.754252
987 0.975786 0.760044
988 0.975786 0.738352
989 0.975786 0.729955
990 0.975786 0.75377
991 0.975786 0.744184
992 0.9759 0.757297
993 0.9759 0.738022
994 0.9759 0.751656
995 0.9759 0.735139
996 0.9759 0.727369
997 0.9759 0.756638
998 0.9759 0.73079
999 0.9759 0.754423
1000 0.9759 0.743064
1000 0.951946 0.738213
