0 0.855172 0.175793
1 0.855626 0.20475
2 0.857281 0.23649
3 0.859207 0.263436
4 0.859207 0.260487
5 0.859207 0.249919
6 0.861482 0.268432
7 0.861482 0.221295
8 0.861482 0.246666
9 0.861655 0.250996
10 0.861655 0.254379
11 0.861655 0.220981
12 0.861655 0.223665
13 0.861655 0.213183
14 0.861655 0.23224
15 0.861655 0.186032
16 0.861655 0.201281
17 0.861666 0.208242
18 0.861666 0.243158
19 0.861666 0.314434
20 0.861666 0.307684
21 0.861666 0.295052
22 0.861666 0.3006
23 0.86307 0.306376
24 0.86307 0.330962
25 0.86307 0.3634
26 0.86307 0.361755
27 0.864157 0.372107
28 0.864157 0.351977
29 0.865629 0.364906
30 0.865629 0.364724
31 0.865629 0.36179
32 0.865629 0.369781
33 0.865629 0.379961
34 0.865629 0.376172
35 0.865629 0.426523
36 0.865629 0.452022
37 0.867548 0.449117
38 0.867548 0.474695
39 0.867548 0.486784
40 0.869529 0.499344
41 0.869529 0.528455
42 0.87248 0.572635
43 0.87248 0.589644
44 0.87248 0.594921
45 0.87248 0.590053
46 0.87248 0.619913
47 0.87248 0.636868
48 0.87248 0.610698
49 0.87248 0.601573
50 0.87248 0.58455
51 0.87248 0.578108
52 0.87248 0.548992
53 0.91572 0.593649
54 0.91572 0.616773
55 0.91572 0.602415
56 0.91572 0.612609
57 0.91572 0.588046
58 0.91572 0.623056
59 0.91572 0.625636
60 0.91572 0.641325
61 0.91572 0.650501
62 0.91572 0.619199
63 0.965723 0.607148
64 0.965723 0.628037
65 0.966001 0.593769
66 0.966001 0.630259
67 0.966001 0.62339
68 0.968478 0.646066
69 0.968478 0.678968
70 0.968478 0.664176
71 0.968478 0.66665
72 0.968478 0.692407
73 0.968478 0.681174
74 0.968478 0.692343
75 0.968478 0.683272
76 0.968478 0.670311
77 1 0.700124
77 0.899095 0.500459
78 0.899095 0.485713
79 0.899095 0.479179
80 0.899095 0.500708
81 0.899095 0.494958
82 0.899095 0.541138
83 0.899095 0.572679
84 0.899095 0.601721
85 0.899095 0.59744
86 0.89956 0.595254
87 0.89956 0.609345
88 0.89956 0.607187
89 0.89956 0.603469
90 0.89956 0.590134
91 0.89956 0.595273
92 0.89956 0.606789
93 0.89956 0.572065
94 0.89956 0.578431
95 0.89956 0.609901
96 0.89956 0.607093
97 0.89956 0.592708
98 0.89956 0.58542
99 0.89956 0.556745
100 0.89956 0.564766
101 0.89956 0.601722
102 0.89956 0.610327
103 0.905183 0.598763
104 0.905183 0.591161
105 0.905183 0.575814
106 0.905183 0.588261
107 0.905183 0.590464
108 0.905473 0.636808
109 0.905473 0.633575
110 0.905473 0.650758
111 0.905473 0.657162
112 0.907086 0.658059
113 0.907086 0.651007
114 0.907086 0.665576
115 0.907086 0.679536
116 0.907086 0.689962
117 0.907086 0.704723
118 0.907086 0.708002
119 0.907086 0.719135
120 0.907086 0.720727
121 0.907086 0.727089
122 0.907819 0.743347
123 0.907819 0.735659
124 0.907819 0.744205
125 0.907819 0.749917
126 0.907819 0.732224
127 0.907819 0.743295
128 0.907819 0.744846
129 0.907819 0.744689
130 0.907819 0.743413
131 0.908403 0.733527
132 0.908403 0.736182
133 0.908403 0.748547
134 0.90891 0.728086
135 0.909753 0.727188
136 0.909753 0.730434
137 0.912192 0.730834
138 0.912192 0.743002
139 0.915116 0.722358
140 0.915623 0.699632
141 0.915627 0.71164
142 0.916147 0.724223
143 0.916147 0.711807
144 0.916147 0.703156
145 0.916147 0.693896
146 0.916147 0.695821
147 0.916147 0.684491
148 0.916147 0.682838
149 0.916147 0.691434
150 0.916147 0.674546
151 0.916147 0.688636
152 0.916557 0.672252
153 0.916557 0.676305
154 0.916557 0.67072
155 0.916557 0.665801
156 0.916557 0.656002
157 0.916557 0.643253
158 0.916557 0.64183
159 0.916557 0.638611
160 0.916557 0.640297
161 0.916644 0.655573
162 0.916644 0.68841
163 0.916644 0.708374
164 0.916853 0.720608
165 0.916853 0.716301
166 0.916853 0.682011
167 0.916853 0.677237
168 0.916853 0.677154
169 0.916853 0.680115
170 0.917957 0.701991
171 0.917957 0.704977
172 0.917957 0.688753
173 0.917957 0.672438
174 0.917957 0.664215
175 0.917957 0.693384
176 0.917957 0.699251
177 0.917957 0.706735
178 0.917957 0.691807
179 0.917957 0.678602
180 0.917957 0.687652
181 0.917957 0.685018
182 0.917957 0.706061
183 0.917957 0.720401
184 0.917957 0.725006
185 0.917957 0.717746
186 0.917957 0.716266
187 0.918711 0.709457
188 0.918711 0.721984
189 0.918711 0.712086
190 0.918711 0.722453
191 0.918711 0.71739
192 0.919254 0.709683
193 0.919298 0.709983
194 0.919298 0.697882
195 0.919298 0.693112
196 0.920035 0.714284
197 0.920035 0.71439
198 0.920035 0.699359
199 0.920035 0.666194
200 0.920657 0.676884
201 0.920967 0.697629
202 0.920967 0.702728
203 0.920967 0.698851
204 0.920967 0.711456
205 0.920967 0.707255
206 0.920967 0.685332
207 0.920967 0.678221
208 0.920967 0.688147
209 0.921042 0.691528
210 0.921042 0.684913
211 0.921042 0.672035
212 0.921042 0.681015
213 0.921042 0.67992
214 0.921042 0.698578
215 0.921042 0.694168
216 0.921161 0.699114
217 0.921161 0.698112
218 0.921161 0.709243
219 0.921161 0.707954
220 0.921161 0.677472
221 0.921161 0.667086
222 0.921161 0.679091
223 0.921161 0.700678
224 0.921161 0.691634
225 0.921161 0.706287
226 0.921161 0.696504
227 0.921161 0.709684
228 0.921161 0.718336
229 0.921161 0.723501
230 0.921161 0.708291
231 0.921161 0.694588
232 0.921161 0.668882
233 0.921161 0.698189
234 0.921161 0.690693
235 0.921161 0.688038
236 0.921161 0.681315
237 0.921161 0.699467
238 0.921161 0.676671
239 0.921161 0.684692
240 0.921161 0.69066
241 0.921161 0.686354
242 0.921161 0.684694
243 0.921161 0.680094
244 0.921161 0.672457
245 0.921161 0.675358
246 0.921161 0.680559
247 0.921161 0.66552
248 0.921161 0.64723
249 0.921161 0.655494
250 0.921161 0.656647
251 0.921161 0.6505
252 0.921161 0.64215
253 0.921161 0.664996
254 0.921161 0.660991
255 0.921161 0.683242
256 0.921161 0.698323
257 0.921161 0.687396
258 0.921161 0.675237
259 0.921161 0.674946
260 0.921161 0.669808
261 0.921161 0.678087
262 0.921161 0.684171
263 0.921161 0.717206
264 0.921161 0.696132
265 0.921161 0.710746
266 0.921161 0.702281
267 0.921161 0.699785
268 0.921161 0.691843
269 0.921161 0.700452
270 0.921161 0.692057
271 0.921161 0.695686
272 0.921161 0.700501
273 0.921161 0.694577
274 0.921161 0.689516
275 0.921161 0.665009
276 0.921161 0.675095
277 0.921161 0.685908
278 0.921161 0.683546
279 0.921161 0.721155
280 0.921161 0.729517
281 0.921161 0.738284
282 0.921161 0.691234
283 0.921161 0.67432
284 0.921161 0.689449
285 0.921161 0.712269
286 0.921161 0.719237
287 0.921161 0.700543
288 0.921161 0.700105
289 0.921188 0.703315
290 0.921188 0.683682
291 0.921188 0.685038
292 0.921188 0.668386
293 0.921188 0.680228
294 0.921188 0.661588
295 0.921188 0.643523
296 0.921188 0.672559
297 0.921188 0.669561
298 0.921188 0.640555
299 0.921188 0.648144
300 0.921188 0.652591
301 0.921188 0.667586
302 0.921993 0.674839
303 0.921993 0.669133
304 0.921993 0.671909
305 0.922123 0.6698
306 0.922123 0.656594
307 0.922123 0.654508
308 0.922123 0.658681
309 0.922123 0.637655
310 0.922123 0.662717
311 0.922123 0.660594
312 0.922123 0.677141
313 0.922123 0.647989
314 0.922123 0.693057
315 0.922169 0.665261
316 0.922195 0.699391
317 0.922195 0.716305
318 0.922195 0.718497
319 0.922301 0.698575
320 0.922301 0.687271
321 0.922301 0.650945
322 0.922301 0.685813
323 0.922301 0.670038
324 0.922301 0.687897
325 0.922301 0.696355
326 0.922301 0.694552
327 0.922301 0.684806
328 0.922301 0.706275
329 0.922301 0.681351
330 0.922334 0.68801
331 0.922334 0.679764
332 0.922334 0.683096
333 0.922334 0.675908
334 0.922334 0.687809
335 0.922334 0.700832
336 0.922334 0.725726
337 0.922334 0.726265
338 0.922334 0.735381
339 0.922334 0.711989
340 0.922334 0.696454
341 0.922334 0.719875
342 0.922334 0.73049
343 0.922334 0.736562
344 0.922334 0.731954
345 0.922334 0.743535
346 0.922334 0.748489
347 0.922334 0.727444
348 0.922334 0.722969
349 0.922334 0.722056
350 0.922334 0.713266
351 0.922334 0.705387
352 0.922334 0.726371
353 0.922334 0.734985
354 0.922334 0.711886
355 0.922334 0.694289
356 0.922334 0.716078
357 0.922334 0.710189
358 0.922969 0.725238
359 0.922969 0.732419
360 0.922969 0.726149
361 0.92429 0.722483
362 0.92429 0.736626
363 0.92429 0.733541
364 0.92429 0.729671
365 0.92429 0.73585
366 0.92429 0.749046
367 0.924697 0.737254
368 0.924697 0.753606
369 0.924697 0.75859
370 0.924697 0.765952
371 0.924788 0.751228
372 0.924788 0.747427
373 0.924788 0.759199
374 0.924788 0.743482
375 0.924788 0.762407
376 0.925131 0.744665
377 0.925131 0.770403
378 0.925131 0.768594
379 0.925131 0.766963
380 0.925131 0.778105
381 0.925131 0.783479
382 0.925328 0.773407
383 0.925395 0.754774
384 0.925395 0.758516
385 0.925395 0.742209
386 0.925395 0.747842
387 0.925395 0.747244
388 0.925395 0.7483
389 0.925446 0.749013
390 0.925446 0.765731
391 0.925446 0.751883
392 0.925583 0.724874
393 0.925583 0.743398
394 0.925583 0.728594
395 0.925583 0.733754
396 0.925583 0.749815
397 0.925583 0.758629
398 0.925583 0.72786
399 0.925583 0.728268
400 0.925583 0.717402
401 0.925583 0.727749
402 0.925583 0.734456
403 0.925583 0.746409
404 0.925583 0.729597
405 0.925583 0.71973
406 0.925583 0.714438
407 0.925583 0.7229
408 0.925583 0.697466
409 0.925583 0.710521
410 0.925583 0.702864
411 0.925725 0.695062
412 0.925816 0.718793
413 0.9261 0.711481
414 0.9261 0.723292
415 0.9261 0.707286
416 0.9261 0.705388
417 0.9261 0.713704
418 0.9261 0.711774
419 0.926195 0.704923
420 0.926195 0.709161
421 0.926195 0.695445
422 0.926195 0.709406
423 0.926195 0.705342
424 0.926195 0.716163
425 0.926195 0.728363
426 0.926195 0.724923
427 0.926195 0.729189
428 0.926195 0.701967
429 0.926221 0.720311
430 0.926221 0.70289
431 0.926221 0.687663
432 0.926221 0.670107
433 0.926221 0.682369
434 0.926221 0.707281
435 0.927732 0.690179
436 0.927732 0.702047
437 0.927732 0.686421
438 0.927732 0.68023
439 0.927732 0.697947
440 0.927732 0.720502
441 0.928375 0.711936
442 0.928375 0.681798
443 0.928375 0.667613
444 0.928375 0.691641
445 0.928408 0.674075
446 0.928408 0.684003
447 0.928408 0.667795
448 0.928408 0.690942
449 0.928408 0.66764
450 0.928408 0.639307
451 0.928408 0.634359
452 0.928578 0.631595
453 0.928578 0.632359
454 0.928578 0.645527
455 0.928578 0.641625
456 0.928578 0.655722
457 0.928578 0.666058
458 0.928578 0.6667
459 0.928578 0.636867
460 0.928578 0.621625
461 0.928578 0.594477
462 0.928578 0.590252
463 0.928578 0.61138
464 0.928578 0.623795
465 0.928743 0.67117
466 0.928743 0.695612
467 0.92899 0.678797
468 0.92899 0.667665
469 0.92899 0.681346
470 0.92899 0.709372
471 0.92899 0.721808
472 0.929262 0.730361
473 0.929262 0.696097
474 0.929262 0.701133
475 0.929262 0.716787
476 0.929262 0.704307
477 0.929262 0.713683
478 0.929262 0.707905
479 0.93024 0.695784
480 0.93024 0.699978
481 0.93024 0.711296
482 0.93024 0.69894
483 0.930313 0.700907
484 0.930313 0.718949
485 0.930313 0.708128
486 0.930313 0.709358
487 0.930313 0.705853
488 0.930313 0.728064
489 0.930313 0.714798
490 0.930398 0.727187
491 0.930398 0.706656
492 0.930398 0.705879
493 0.930398 0.7278
494 0.930398 0.706777
495 0.930398 0.721077
496 0.930398 0.69758
497 0.930398 0.692842
498 0.930398 0.68398
499 0.930398 0.703406
500 0.930398 0.728105
501 0.930398 0.710271
502 0.930398 0.714996
503 0.930412 0.74225
504 0.930412 0.737659
505 0.930412 0.725349
506 0.930442 0.728696
507 0.930462 0.720491
508 0.930462 0.724546
509 0.930462 0.736615
510 0.930462 0.724046
511 0.930462 0.744228
512 0.930462 0.765474
513 0.930462 0.762796
514 0.930462 0.756441
515 0.930462 0.728987
516 0.930462 0.743409
517 0.930462 0.724972
518 0.930462 0.723392
519 0.930462 0.722674
520 0.930462 0.749021
521 0.930462 0.723034
522 0.930462 0.745049
523 0.930497 0.739003
524 0.930497 0.765246
525 0.930497 0.765156
526 0.930497 0.770415
527 0.930497 0.770287
528 0.930497 0.767583
529 0.930497 0.742671
530 0.930497 0.755034
531 0.930497 0.769654
532 0.930497 0.761147
533 0.930497 0.776147
534 0.930497 0.736513
535 0.930497 0.774431
536 0.93054 0.776316
537 0.930558 0.777391
538 0.930558 0.787489
539 0.930558 0.802068
540 0.930558 0.780863
541 0.930558 0.78069
542 0.930558 0.759266
543 0.930558 0.760802
544 0.930558 0.77398
545 0.930564 0.759715
546 0.930564 0.749836
547 0.930578 0.765703
548 0.930578 0.747416
549 0.930578 0.745704
550 0.930578 0.758497
551 0.930578 0.762038
552 0.930578 0.75965
553 0.930632 0.791225
554 0.930632 0.78092
555 0.930632 0.789342
556 0.930632 0.806289
557 0.930632 0.79006
558 0.930655 0.813336
559 0.930655 0.798728
560 0.930731 0.791778
561 0.930731 0.801814
562 0.930731 0.807384
563 0.930731 0.795685
564 0.930731 0.809872
565 0.930731 0.809534
566 0.930731 0.803953
567 0.930731 0.820805
568 0.930731 0.820218
569 0.930731 0.803319
570 0.930731 0.812571
571 0.930731 0.819169
572 0.930731 0.810312
573 0.930731 0.821574
574 0.930731 0.817389
575 0.930731 0.800875
576 0.930731 0.816686
577 0.930731 0.817895
578 0.930731 0.837008
579 0.930731 0.834048
580 0.930731 0.807997
581 0.930731 0.817346
582 0.930731 0.826257
583 0.930731 0.809393
584 0.930731 0.804292
585 0.930731 0.811762
586 0.930731 0.817462
587 0.930731 0.809653
588 0.930731 0.818699
589 0.930731 0.80136
590 0.930731 0.818323
591 0.930731 0.806661
592 0.930731 0.790841
593 0.930731 0.801494
594 0.930731 0.816618
595 0.930731 0.810815
596 0.930731 0.809199
597 0.930731 0.803956
598 0.930731 0.813009
599 0.930731 0.804046
600 0.930824 0.804521
601 0.930824 0.804105
602 0.930824 0.813006
603 0.930824 0.784751
604 0.930824 0.78078
605 0.930824 0.763676
606 0.930824 0.789733
607 0.930841 0.761666
608 0.930841 0.79492
609 0.930841 0.794916
610 0.930841 0.791857
611 0.93104 0.787674
612 0.93104 0.786381
613 0.93104 0.770383
614 0.93104 0.775627
615 0.93104 0.775627
616 0.93104 0.768635
617 0.93104 0.756509
618 0.93104 0.742874
619 0.93104 0.732453
620 0.93104 0.744391
621 0.93104 0.72312
622 0.93104 0.729796
623 0.93104 0.737479
624 0.93104 0.740493
625 0.93104 0.740143
626 0.93104 0.736179
627 0.93104 0.761597
628 0.931048 0.765685
629 0.931048 0.771561
630 0.931048 0.747956
631 0.931048 0.740214
632 0.931048 0.767637
633 0.931048 0.786137
634 0.93106 0.775111
635 0.931088 0.759412
636 0.931088 0.734967
637 0.931088 0.738743
638 0.931088 0.744831
639 0.931088 0.73769
640 0.931088 0.731266
641 0.931088 0.772704
642 0.931088 0.777061
643 0.931088 0.77684
644 0.931088 0.793334
645 0.931088 0.79908
646 0.931088 0.792846
647 0.931088 0.784974
648 0.931088 0.786695
649 0.931088 0.777809
650 0.931088 0.783086
651 0.931088 0.77128
652 0.931088 0.782235
653 0.931088 0.755682
654 0.931088 0.749041
655 0.931088 0.774836
656 0.931088 0.771596
657 0.931088 0.789018
658 0.931088 0.790509
659 0.931088 0.793241
660 0.931139 0.795252
661 0.931139 0.803008
662 0.931139 0.812304
663 0.931139 0.77775
664 0.931139 0.775785
665 0.931139 0.798889
666 0.931139 0.796191
667 0.931139 0.782261
668 0.931139 0.761844
669 0.931139 0.783917
670 0.931139 0.7834
671 0.931139 0.774273
672 0.931139 0.761017
673 0.931139 0.759555
674 0.931181 0.751953
675 0.931181 0.793835
676 0.931181 0.793817
677 0.931181 0.776232
678 0.931181 0.778338
679 0.931181 0.797443
680 0.931181 0.788555
681 0.931181 0.805367
682 0.931181 0.783822
683 0.931181 0.784235
684 0.931181 0.790549
685 0.931181 0.797141
686 0.931181 0.799119
687 0.931181 0.795291
688 0.931181 0.789609
689 0.931181 0.780748
690 0.931181 0.795996
691 0.931181 0.782584
692 0.931181 0.784508
693 0.931181 0.78783
694 0.931181 0.788304
695 0.931181 0.784969
696 0.931181 0.798312
697 0.931181 0.798835
698 0.931181 0.787557
699 0.931181 0.778654
700 0.931194 0.754274
701 0.931194 0.753228
702 0.931194 0.75925
703 0.931194 0.776899
704 0.931194 0.756784
705 0.931194 0.752676
706 0.931194 0.746109
707 0.931194 0.775812
708 0.931194 0.77784
709 0.931194 0.793589
710 0.931194 0.789219
711 0.931194 0.785046
712 0.931194 0.785661
713 0.931194 0.762965
714 0.931194 0.761256
715 0.931194 0.793732
716 0.931194 0.762078
717 0.931194 0.780268
718 0.931194 0.791968
719 0.931194 0.768117
720 0.931194 0.775713
721 0.931194 0.787332
722 0.931194 0.776427
723 0.931194 0.777756
724 0.931194 0.773858
725 0.931194 0.791232
726 0.931228 0.774744
727 0.931228 0.781134
728 0.931231 0.782389
729 0.931255 0.779935
730 0.931255 0.779697
731 0.931255 0.766677
732 0.931255 0.767671
733 0.931255 0.76697
734 0.931255 0.771387
735 0.931255 0.786565
736 0.931255 0.764977
737 0.931255 0.779974
738 0.931265 0.773122
739 0.931265 0.774813
740 0.931265 0.762917
741 0.931265 0.752323
742 0.931265 0.750025
743 0.931265 0.739793
744 0.931265 0.756197
745 0.931265 0.721486
746 0.931265 0.728042
747 0.931265 0.730788
748 0.931265 0.730079
749 0.931265 0.701644
750 0.931265 0.712837
751 0.931265 0.702246
752 0.931265 0.719111
753 0.931265 0.72872
754 0.931265 0.757416
755 0.931265 0.7525
756 0.931265 0.78592
757 0.931265 0.769516
758 0.931265 0.762432
759 0.931265 0.758798
760 0.931265 0.748264
761 0.931265 0.758043
762 0.931265 0.743032
763 0.931265 0.757428
764 0.931265 0.738617
765 0.931265 0.73394
766 0.931265 0.750572
767 0.931265 0.744294
768 0.931284 0.755419
769 0.931284 0.765006
770 0.931284 0.753183
771 0.931284 0.762438
772 0.931284 0.764881
773 0.931284 0.758332
774 0.931284 0.774399
775 0.931284 0.755529
776 0.931284 0.751485
777 0.931284 0.733909
778 0.931284 0.736561
779 0.93129 0.755911
780 0.93129 0.775788
781 0.93129 0.742857
782 0.93129 0.746296
783 0.93129 0.735918
784 0.93129 0.736036
785 0.931305 0.736101
786 0.931305 0.73845
787 0.931305 0.74933
788 0.931305 0.754677
789 0.931305 0.756128
790 0.931305 0.763279
791 0.931305 0.754366
792 0.931305 0.735669
793 0.931305 0.740286
794 0.931305 0.742217
795 0.931305 0.742532
796 0.931305 0.734345
797 0.931305 0.724393
798 0.931305 0.731713
799 0.931305 0.713192
800 0.931305 0.743736
801 0.931308 0.757455
802 0.931308 0.746615
803 0.931308 0.737837
804 0.931308 0.74246
805 0.931308 0.766019
806 0.931308 0.748788
807 0.931308 0.753178
808 0.931308 0.76266
809 0.931308 0.735297
810 0.931308 0.706219
811 0.931308 0.751587
812 0.931308 0.776998
813 0.931308 0.792842
814 0.931308 0.777621
815 0.931308 0.792945
816 0.931308 0.791628
817 0.931308 0.77585
818 0.931308 0.768388
819 0.931308 0.762226
820 0.931312 0.75353
821 0.931312 0.743443
822 0.931325 0.728596
823 0.931325 0.753813
824 0.931325 0.752823
825 0.931325 0.754396
826 0.931325 0.769058
827 0.931325 0.765712
828 0.931329 0.760177
829 0.931335 0.781667
830 0.931335 0.77082
831 0.931335 0.737588
832 0.931335 0.738738
833 0.931335 0.765625
834 0.931335 0.749002
835 0.931335 0.763746
836 0.931335 0.736729
837 0.931335 0.725204
838 0.931335 0.71833
839 0.931335 0.740865
840 0.931335 0.72938
841 0.931335 0.74113
842 0.931392 0.730996
843 0.931392 0.712613
844 0.931392 0.695426
845 0.931392 0.681906
846 0.931392 0.640871
847 0.931392 0.653498
848 0.931392 0.675782
849 0.931392 0.691885
850 0.931392 0.707136
851 0.931392 0.70663
852 0.931392 0.721188
853 0.931392 0.705839
854 0.931392 0.726192
855 0.931392 0.743445
856 0.931392 0.726083
857 0.931392 0.729162
858 0.931392 0.720562
859 0.931392 0.735595
860 0.931392 0.744834
861 0.931392 0.725895
862 0.931392 0.752635
863 0.931392 0.740192
864 0.931392 0.744837
865 0.931451 0.770079
866 0.931451 0.784576
867 0.931451 0.78282
868 0.931451 0.760634
869 0.931451 0.76898
870 0.931451 0.754751
871 0.931451 0.735557
872 0.931451 0.738291
873 0.931451 0.755467
874 0.931451 0.774593
875 0.931451 0.765318
876 0.931451 0.770503
877 0.931472 0.783723
878 0.931472 0.770054
879 0.931472 0.759887
880 0.931472 0.774934
881 0.931472 0.790973
882 0.931472 0.775435
883 0.931472 0.763638
884 0.931472 0.789688
885 0.931472 0.783552
886 0.931474 0.77671
887 0.931474 0.786903
888 0.931474 0.81461
889 0.931474 0.808244
890 0.931474 0.784836
891 0.931474 0.795657
892 0.931474 0.779492
893 0.931474 0.799178
894 0.931474 0.795742
895 0.931474 0.780438
896 0.931474 0.765224
897 0.931475 0.792737
898 0.931475 0.783827
899 0.931475 0.772983
900 0.931484 0.792869
901 0.931484 0.805412
902 0.931484 0.776288
903 0.931484 0.761004
904 0.931484 0.791737
905 0.931484 0.76499
906 0.931484 0.786129
907 0.931484 0.774666
908 0.931484 0.748956
909 0.931484 0.754547
910 0.931484 0.760481
911 0.931484 0.743501
912 0.931484 0.748213
913 0.931484 0.759935
914 0.931484 0.762295
915 0.931484 0.74961
916 0.931484 0.766781
917 0.931484 0.740461
918 0.931484 0.75758
919 0.931484 0.760396
920 0.931484 0.767
921 0.931501 0.777495
922 0.931501 0.78352
923 0.931501 0.791745
924 0.931501 0.766966
925 0.931501 0.782921
926 0.931501 0.758372
927 0.931501 0.772351
928 0.931501 0.759534
929 0.931501 0.777404
930 0.931501 0.780082
931 0.931501 0.772466
932 0.931501 0.748476
933 0.931501 0.769667
934 0.931501 0.743752
935 0.931501 0.752634
936 0.931501 0.757759
937 0.931501 0.774065
938 0.931737 0.762146
939 0.931737 0.760262
940 0.931737 0.768071
941 0.931737 0.76421
942 0.931737 0.754196
943 0.931737 0.748784
944 0.931737 0.719607
945 0.931737 0.744062
946 0.931737 0.74903
947 0.931737 0.755126
948 0.931737 0.745045
949 0.931737 0.749591
950 0.931737 0.739271
951 0.931737 0.72974
952 0.931737 0.785922
953 0.931737 0.75803
954 0.931737 0.749631
955 0.931737 0.734712
956 0.931737 0.733317
957 0.931737 0.731763
958 0.931737 0.729628
959 0.931737 0.722807
960 0.931737 0.69047
961 0.931745 0.679174
962 0.931745 0.669027
963 0.931754 0.689641
964 0.931754 0.68318
965 0.931754 0.691082
966 0.931754 0.678073
967 0.931754 0.68791
968 0.931754 0.704561
969 0.931754 0.717182
970 0.931754 0.708451
971 0.931754 0.713393
972 0.931754 0.672105
973 0.931754 0.686461
974 0.931754 0.661335
975 0.931754 0.670421
976 0.931754 0.659306
977 0.931754 0.656198
978 0.931754 0.673009
979 0.931754 0.673124
980 0.931754 0.670862
981 0.931754 0.648135
982 0.931754 0.649853
983 0.931754 0.66569
984 0.931754 0.649177
985 0.931754 0.638223
986 0.931754 0.662316
987 0.931754 0.669632
988 0.931754 0.656293
989 0.931754 0.651093
990 0.931754 0.671867
991 0.931754 0.664035
992 0.931754 0.681235
993 0.931754 0.692114
994 0.931754 0.693356
995 0.931754 0.683682
996 0.931754 0.660525
997 0.931754 0.685902
998 0.931754 0.682751
999 0.931754 0.690846
1000 0.931754 0.715862
1000 0.931457 0.716368
