0 0.840147 0.150883
1 0.847038 0.157973
2 0.855549 0.168461
3 0.85584 0.156679
4 0.85584 0.150239
5 0.856964 0.194742
6 0.856964 0.230301
7 0.856964 0.282338
8 0.856964 0.244063
9 0.856966 0.249186
10 0.86553 0.297257
11 0.86553 0.291579
12 0.86553 0.197864
13 0.865622 0.204983
14 0.865622 0.216886
15 0.866122 0.245593
16 0.86614 0.223577
17 0.866751 0.233508
18 0.866751 0.238082
19 0.866751 0.240628
20 0.866752 0.277269
21 0.866803 0.215056
22 0.86737 0.222773
23 0.86754 0.227026
24 0.86758 0.224698
25 0.867604 0.254181
26 0.87034 0.256793
27 0.87061 0.260401
28 0.87061 0.265608
29 0.87061 0.293461
30 0.872063 0.267491
31 0.872063 0.246921
32 0.872063 0.297476
33 0.872136 0.3013
34 0.872136 0.302933
35 0.872136 0.348693
36 0.872136 0.333188
37 0.872136 0.303492
38 0.872399 0.303642
39 0.873431 0.299667
40 0.873431 0.235416
41 0.873431 0.255962
42 0.873431 0.308134
43 0.87517 0.329197
44 0.875982 0.302299
45 0.875982 0.27232
46 0.875982 0.26516
47 0.876227 0.23091
48 0.876268 0.228109
49 0.87661 0.274048
50 0.87661 0.303318
51 0.87661 0.268506
52 0.87661 0.299822
53 0.876757 0.301915
54 0.878893 0.32415
55 0.878893 0.338831
56 0.878893 0.336144
57 0.878893 0.30842
58 0.878893 0.35501
59 0.879716 0.398063
60 0.879716 0.368534
61 0.879716 0.33657
62 0.881979 0.329644
63 0.881979 0.363223
64 0.881979 0.348515
65 0.881979 0.418534
66 0.881979 0.382635
67 0.881979 0.361361
68 0.882155 0.324784
69 0.882155 0.365978
70 0.882243 0.419834
71 0.882288 0.461309
72 0.882476 0.454957
73 0.882476 0.434759
74 0.882476 0.475766
75 0.882476 0.457269
76 0.882476 0.464914
77 0.882476 0.438999
78 0.882476 0.437191
79 0.882476 0.436851
80 0.882476 0.447306
81 0.882476 0.386146
82 0.882476 0.410923
83 0.882476 0.428583
84 0.882561 0.445608
85 0.882561 0.394544
86 0.882561 0.353845
87 0.882564 0.336821
88 0.882564 0.365007
89 0.882564 0.377639
90 0.882564 0.413573
91 0.882564 0.471894
92 0.882564 0.458729
93 0.882564 0.44369
94 0.882564 0.458656
95 0.882564 0.473447
96 0.882564 0.484521
97 0.882564 0.488835
98 0.882564 0.471185
99 0.882564 0.464358
100 0.882668 0.527592
101 0.882668 0.465183
102 0.882668 0.503921
103 0.882668 0.529013
104 0.882668 0.512291
105 0.882668 0.590851
106 0.882668 0.538047
107 0.88293 0.501467
108 0.88293 0.510488
109 0.88293 0.45134
110 0.88293 0.508529
111 0.88293 0.491807
112 0.88293 0.555006
113 0.883523 0.525798
114 0.883523 0.543051
115 0.883523 0.542119
116 0.883523 0.598652
117 0.883523 0.5695
118 0.883523 0.576305
119 0.883523 0.542387
120 0.883523 0.571014
121 0.883523 0.588554
122 0.883523 0.600615
123 0.884027 0.591394
124 0.884027 0.558774
125 0.884027 0.602726
126 0.888115 0.605742
127 0.889126 0.591242
128 0.889126 0.611662
129 0.889126 0.614357
130 0.899897 0.651702
131 0.899897 0.598315
132 0.950692 0.602874
133 0.950692 0.625489
134 0.950692 0.597023
135 0.950692 0.541667
136 0.950692 0.558166
137 1 0.540625
137 0.538684 0.282187
138 0.539163 0.283033
139 0.840052 0.297077
140 0.840052 0.309733
141 0.853456 0.278544
142 0.853456 0.27041
143 0.853456 0.275999
144 0.853456 0.291233
145 0.858389 0.276385
146 0.858389 0.320435
147 0.858389 0.318369
148 0.858389 0.323852
149 0.858389 0.306947
150 0.858427 0.267898
151 0.858427 0.263461
152 0.862594 0.278588
153 0.862594 0.283617
154 0.862594 0.295052
155 0.867523 0.318242
156 0.867523 0.361127
157 0.867523 0.394778
158 0.867523 0.387268
159 0.867523 0.369603
160 0.867523 0.39863
161 0.867523 0.38346
162 0.920724 0.412592
163 0.920724 0.373791
164 0.920724 0.372926
165 0.920724 0.370326
166 0.920724 0.40372
167 0.920724 0.40804
168 0.920724 0.412421
169 0.920724 0.445871
170 0.920724 0.44182
171 0.920724 0.422545
172 0.920737 0.476365
173 0.920737 0.459368
174 0.920737 0.476491
175 0.920737 0.45112
176 0.920737 0.451329
177 0.920737 0.475602
178 0.920737 0.455051
179 0.920737 0.467726
180 0.920737 0.466514
181 0.920737 0.488366
182 0.920737 0.445683
183 0.920836 0.464198
184 0.920836 0.477357
185 0.920836 0.498478
186 0.920836 0.527901
187 0.920836 0.519576
188 0.920836 0.484637
189 0.920836 0.514256
190 0.920836 0.530802
191 0.920836 0.481792
192 0.920836 0.497271
193 0.920836 0.494816
194 0.920836 0.518601
195 0.920836 0.529283
196 0.920836 0.554483
197 0.920836 0.540767
198 0.920836 0.538894
199 0.920836 0.594864
200 0.920836 0.611097
201 0.920836 0.586584
202 0.935236 0.555475
203 0.935236 0.57606
204 0.935236 0.539274
205 0.935236 0.552944
206 0.935236 0.523631
207 0.935236 0.518744
208 0.935236 0.498142
209 0.935236 0.509081
210 0.935236 0.510306
211 0.935236 0.476165
212 0.935236 0.501742
213 0.935236 0.526484
214 0.935236 0.522226
215 0.935236 0.533194
216 0.935236 0.513149
217 0.935236 0.526446
218 0.935236 0.532285
219 0.935236 0.511676
220 0.935236 0.53404
221 0.935236 0.557244
222 0.935236 0.51778
223 0.935236 0.537179
224 0.935236 0.604126
225 0.935236 0.606968
226 0.935236 0.592973
227 0.935236 0.611101
228 0.935236 0.581802
229 0.935236 0.547571
230 0.935236 0.570413
231 0.935236 0.562186
232 0.935236 0.545624
233 0.935236 0.585443
234 0.935236 0.561685
235 0.935236 0.555614
236 0.935236 0.57006
237 0.935236 0.588567
238 0.935236 0.554945
239 0.935236 0.564372
240 0.935236 0.556164
241 0.935236 0.575519
242 0.935236 0.574151
243 0.935236 0.578277
244 0.935236 0.601674
245 0.935236 0.582515
246 0.935236 0.560214
247 0.935236 0.567407
248 0.935236 0.582716
249 0.935236 0.574318
250 0.935236 0.594786
251 0.935236 0.59361
252 0.935236 0.596491
253 0.935236 0.591938
254 0.935236 0.590336
255 0.935236 0.592198
256 0.935236 0.62364
257 0.935236 0.658421
258 0.935236 0.626751
259 0.935236 0.646016
260 0.935236 0.647329
261 0.935236 0.639963
262 0.935236 0.655817
263 0.935236 0.643593
264 0.935236 0.648703
265 0.935236 0.584417
266 0.935236 0.622097
267 0.935236 0.605501
268 0.935236 0.630713
269 0.935236 0.665737
270 0.935236 0.647831
271 0.935236 0.632103
272 0.935236 0.599198
273 0.935236 0.587923
274 0.935236 0.580171
275 0.935236 0.572598
276 0.935236 0.593688
277 0.935236 0.536099
278 0.935236 0.573294
279 0.935236 0.570558
280 0.935236 0.538646
281 0.935236 0.542208
282 0.935236 0.593542
283 0.935236 0.563102
284 0.935236 0.551072
285 0.935236 0.545747
286 0.935236 0.570378
287 0.935236 0.525346
288 0.935236 0.541118
289 0.935236 0.563785
290 0.935236 0.587655
291 0.935236 0.595801
292 0.935236 0.607788
293 0.935236 0.613274
294 0.935236 0.616511
295 0.935236 0.606158
296 0.935236 0.620445
297 0.935236 0.59057
298 0.935236 0.604622
299 0.935236 0.614605
300 0.935236 0.609735
301 0.935236 0.621834
302 0.935236 0.609363
303 0.935236 0.609991
304 0.935236 0.569168
305 0.935236 0.614729
306 0.935236 0.618048
307 0.935236 0.618491
308 0.935236 0.622736
309 0.935236 0.587952
310 0.935236 0.577565
311 0.935236 0.591014
312 0.935236 0.571533
313 0.935236 0.595253
314 0.935236 0.600363
315 0.935236 0.572676
316 0.935236 0.608811
317 0.935236 0.605025
318 0.935236 0.585056
319 0.935236 0.582586
320 0.935236 0.570945
321 0.935236 0.615637
322 0.935236 0.579637
323 0.935236 0.57579
324 0.935236 0.562946
325 0.935236 0.595778
326 0.935236 0.588277
327 0.935236 0.642057
328 0.935236 0.639859
329 0.935236 0.647951
330 0.935236 0.618904
331 0.935236 0.609431
332 0.935236 0.638638
333 0.935236 0.652592
334 0.935236 0.609728
335 0.935245 0.63517
336 0.935245 0.624525
337 0.935245 0.662103
338 0.935245 0.648076
339 0.935245 0.635705
340 0.935245 0.645974
341 0.935245 0.642729
342 0.935245 0.630163
343 0.935245 0.647605
344 0.935245 0.618435
345 0.935245 0.650776
346 0.935245 0.636098
347 0.935446 0.627881
348 0.935446 0.643126
349 0.935446 0.652503
350 0.935446 0.682382
351 0.935446 0.683727
352 0.935446 0.671131
353 0.935446 0.693176
354 0.935446 0.676668
355 0.935446 0.659369
356 0.935446 0.626456
357 0.935446 0.62627
358 0.935446 0.651355
359 0.935446 0.620309
360 0.935446 0.644263
361 0.935446 0.628802
362 0.935446 0.632432
363 0.935446 0.665083
364 0.935446 0.641511
365 0.935446 0.671583
366 0.935446 0.614931
367 0.935446 0.612728
368 0.935446 0.590168
369 0.935446 0.656756
370 0.935446 0.655402
371 0.935446 0.636639
372 0.935446 0.673311
373 0.935446 0.632006
374 0.935446 0.633277
375 0.935446 0.646518
376 0.935446 0.611949
377 0.935446 0.609133
378 0.935446 0.627027
379 0.935446 0.63695
380 0.935446 0.638312
381 0.935446 0.666421
382 0.935446 0.665171
383 0.935446 0.645867
384 0.935446 0.642786
385 0.935446 0.659848
386 0.935446 0.643107
387 0.935446 0.608083
388 0.935446 0.629899
389 0.935446 0.589932
390 0.935446 0.60448
391 0.936134 0.580414
392 0.936134 0.576393
393 0.936134 0.560094
394 0.936134 0.579783
395 0.936134 0.561845
396 0.936134 0.547485
397 0.936134 0.549388
398 0.936134 0.581446
399 0.936134 0.555119
400 0.936134 0.527639
401 0.937392 0.547181
402 0.937392 0.560271
403 0.937392 0.596346
404 0.937456 0.57001
405 0.937456 0.553047
406 0.937456 0.545154
407 0.937456 0.557052
408 0.937456 0.554799
409 0.937456 0.556237
410 0.937456 0.568252
411 0.937456 0.603228
412 0.937456 0.573182
413 0.937456 0.580858
414 0.937497 0.58331
415 0.937497 0.569739
416 0.937582 0.568751
417 0.937582 0.580546
418 0.937582 0.551725
419 0.937582 0.556565
420 0.937582 0.528163
421 0.937582 0.530891
422 0.937582 0.541806
423 0.937582 0.494321
424 0.937582 0.51921
425 0.937582 0.510418
426 0.937582 0.541365
427 0.937582 0.539507
428 0.937582 0.54278
429 0.937582 0.542475
430 0.937582 0.538108
431 0.937582 0.573431
432 0.937582 0.565548
433 0.937582 0.554473
434 0.937582 0.54398
435 0.937582 0.557245
436 0.937582 0.584149
437 0.937582 0.56301
438 0.937582 0.60271
439 0.93759 0.581652
440 0.93759 0.582396
441 0.93759 0.59576
442 0.93759 0.591063
443 0.93759 0.619498
444 0.93759 0.610259
445 0.937604 0.598804
446 0.937792 0.635936
447 0.937792 0.644021
448 0.937794 0.608884
449 0.937794 0.603155
450 0.937794 0.580907
451 0.937794 0.593203
452 0.937794 0.609238
453 0.937794 0.639393
454 0.937794 0.647176
455 0.937794 0.626175
456 0.937794 0.608214
457 0.937794 0.578464
458 0.937794 0.605056
459 0.937794 0.59859
460 0.937794 0.630392
461 0.937794 0.589247
462 0.937794 0.608637
463 0.937794 0.597904
464 0.937829 0.55026
465 0.937829 0.576813
466 0.937829 0.585256
467 0.937829 0.581674
468 0.937829 0.5768
469 0.937829 0.58526
470 0.937829 0.569602
471 0.937829 0.548724
472 0.937829 0.549468
473 0.937829 0.531187
474 0.937829 0.584745
475 0.937829 0.568262
476 0.937829 0.5607
477 0.937829 0.552939
478 0.937829 0.540561
479 0.937829 0.54233
480 0.937829 0.537039
481 0.937829 0.545169
482 0.937829 0.556406
483 0.937829 0.554485
484 0.937829 0.552965
485 0.937829 0.558455
486 0.937829 0.528617
487 0.937936 0.533567
488 0.937936 0.564602
489 0.937936 0.582693
490 0.937936 0.537475
491 0.937936 0.540807
492 0.937936 0.528457
493 0.937936 0.525653
494 0.937936 0.548665
495 0.937936 0.556511
496 0.937936 0.502622
497 0.937936 0.520071
498 0.937936 0.484646
499 0.937936 0.492289
500 0.937936 0.505319
501 0.937936 0.527832
502 0.937936 0.500284
503 0.937936 0.527668
504 0.937936 0.518473
505 0.937936 0.519504
506 0.937936 0.503895
507 0.937936 0.53782
508 0.937936 0.538055
509 0.937936 0.558222
510 0.937968 0.556748
511 0.937968 0.574556
512 0.937968 0.596225
513 0.937968 0.52918
514 0.937968 0.555367
515 0.937968 0.567525
516 0.937968 0.567913
517 0.937968 0.585169
518 0.937968 0.57275
519 0.937968 0.593565
520 0.937968 0.588578
521 0.937968 0.562795
522 0.937968 0.562314
523 0.937968 0.594573
524 0.939301 0.608227
525 0.939301 0.600136
526 0.939301 0.618079
527 0.939301 0.661497
528 0.939301 0.626601
529 0.939301 0.603582
530 0.939301 0.591722
531 0.939301 0.564391
532 0.939301 0.57498
533 0.939301 0.579211
534 0.939301 0.598474
535 0.939301 0.584131
536 0.939301 0.576626
537 0.939301 0.558405
538 0.939301 0.582796
539 0.939301 0.57384
540 0.939301 0.535373
541 0.939301 0.568032
542 0.939301 0.558077
543 0.939301 0.487127
544 0.939301 0.496317
545 0.939301 0.509653
546 0.939301 0.494012
547 0.939301 0.487056
548 0.939301 0.483645
549 0.939301 0.505954
550 0.939301 0.48201
551 0.939301 0.502456
552 0.939301 0.50233
553 0.939301 0.512451
554 0.939301 0.522864
555 0.939301 0.512412
556 0.939301 0.519858
557 0.939301 0.510249
558 0.939301 0.534765
559 0.939301 0.507851
560 0.939301 0.499441
561 0.939301 0.48867
562 0.939301 0.543773
563 0.939332 0.542669
564 0.939332 0.585788
565 0.939332 0.573859
566 0.939516 0.603468
567 0.939516 0.574324
568 0.939516 0.57435
569 0.939516 0.586251
570 0.939516 0.556511
571 0.939516 0.578471
572 0.939516 0.59114
573 0.939516 0.595194
574 0.939516 0.599122
575 0.939516 0.583775
576 0.939516 0.608365
577 0.939516 0.571094
578 0.939516 0.588135
579 0.939516 0.528811
580 0.939516 0.541655
581 0.939516 0.535397
582 0.939516 0.558674
583 0.93961 0.58661
584 0.93961 0.556959
585 0.93961 0.535426
586 0.93961 0.565172
587 0.93961 0.559894
588 0.93961 0.539761
589 0.93961 0.532
590 0.93961 0.534705
591 0.93961 0.55327
592 0.93961 0.569827
593 0.93961 0.580809
594 0.93961 0.548734
595 0.93961 0.562431
596 0.939738 0.589142
597 0.939738 0.582405
598 0.939738 0.561464
599 0.939738 0.557636
600 0.939839 0.571651
601 0.939839 0.552023
602 0.939839 0.553935
603 0.939839 0.539548
604 0.939839 0.54163
605 0.939839 0.563402
606 0.939839 0.555807
607 0.939839 0.566215
608 0.939839 0.502432
609 0.939839 0.524203
610 0.939839 0.548901
611 0.939839 0.544797
612 0.939839 0.603786
613 0.939839 0.549651
614 0.939839 0.57302
615 0.939839 0.577424
616 0.939839 0.546738
617 0.939839 0.541645
618 0.939839 0.565499
619 0.939839 0.593871
620 0.939839 0.569636
621 0.939839 0.556979
622 0.939839 0.541128
623 0.939839 0.559854
624 0.939839 0.566941
625 0.939839 0.559082
626 0.939839 0.547822
627 0.939839 0.510028
628 0.939839 0.531724
629 0.939839 0.5053
630 0.939839 0.489051
631 0.939858 0.519869
632 0.939908 0.523059
633 0.939908 0.514687
634 0.939908 0.532518
635 0.939908 0.538278
636 0.939908 0.570657
637 0.939908 0.596004
638 0.939911 0.543077
639 0.939911 0.536825
640 0.939911 0.562572
641 0.939911 0.547839
642 0.939911 0.545749
643 0.939911 0.562496
644 0.939911 0.530229
645 0.939911 0.526657
646 0.939911 0.546621
647 0.939911 0.542046
648 0.939911 0.544872
649 0.939911 0.541944
650 0.939911 0.537305
651 0.939911 0.53264
652 0.939911 0.551055
653 0.939911 0.542657
654 0.939911 0.576756
655 0.939911 0.573942
656 0.939911 0.587164
657 0.939911 0.529853
658 0.939911 0.574262
659 0.939911 0.572088
660 0.939911 0.546884
661 0.939911 0.585566
662 0.939911 0.58064
663 0.939911 0.582959
664 0.939911 0.589344
665 0.939911 0.608448
666 0.939911 0.591092
667 0.939911 0.580703
668 0.939911 0.604668
669 0.939911 0.610304
670 0.939911 0.578824
671 0.939911 0.568706
672 0.939911 0.594719
673 0.939911 0.554718
674 0.939911 0.518801
675 0.939911 0.549044
676 0.939911 0.576982
677 0.939911 0.575163
678 0.939911 0.583508
679 0.939911 0.571636
680 0.939911 0.562759
681 0.939911 0.610091
682 0.939911 0.638745
683 0.939911 0.588952
684 0.939911 0.650527
685 0.939911 0.635381
686 0.939911 0.597767
687 0.939911 0.638829
688 0.939911 0.65486
689 0.939911 0.665768
690 0.939968 0.645953
691 0.939968 0.651133
692 0.939968 0.659937
693 0.939968 0.633257
694 0.939968 0.671288
695 0.939968 0.632975
696 0.939968 0.63415
697 0.939968 0.632468
698 0.939968 0.636763
699 0.939968 0.672174
700 0.939968 0.633485
701 0.939968 0.654144
702 0.939968 0.624388
703 0.939968 0.632584
704 0.939968 0.644373
705 0.939968 0.657112
706 0.939968 0.626687
707 0.939968 0.612864
708 0.939968 0.610647
709 0.939968 0.592187
710 0.939968 0.581807
711 0.939968 0.599654
712 0.939968 0.634108
713 0.939968 0.608003
714 0.939968 0.596849
715 0.939968 0.602849
716 0.939968 0.619049
717 0.939968 0.638058
718 0.939968 0.623762
719 0.939968 0.612992
720 0.939968 0.609891
721 0.939968 0.628822
722 0.939968 0.595554
723 0.939968 0.607891
724 0.939968 0.602103
725 0.939968 0.61309
726 0.939968 0.601528
727 0.939968 0.575231
728 0.939968 0.584527
729 0.939968 0.564692
730 0.939968 0.611138
731 0.939968 0.545387
732 0.939968 0.563798
733 0.939968 0.568712
734 0.939968 0.615899
735 0.939968 0.621905
736 0.939968 0.616973
737 0.939968 0.619352
738 0.939968 0.614444
739 0.939968 0.580665
740 0.939968 0.576698
741 0.939968 0.600814
742 0.939968 0.594826
743 0.939968 0.608291
744 0.939968 0.56388
745 0.939968 0.612247
746 0.940017 0.564312
747 0.940017 0.50054
748 0.940017 0.52332
749 0.940017 0.54108
750 0.940017 0.540655
751 0.940017 0.5213
752 0.940017 0.553129
753 0.940017 0.552618
754 0.940017 0.553119
755 0.940017 0.536086
756 0.940017 0.524668
757 0.940017 0.516614
758 0.940017 0.524462
759 0.940017 0.534191
760 0.940017 0.524219
761 0.940017 0.525086
762 0.940017 0.53131
763 0.940017 0.564416
764 0.940017 0.562274
765 0.940017 0.579179
766 0.940017 0.582366
767 0.940017 0.597584
768 0.940017 0.604099
769 0.940017 0.60294
770 0.940017 0.571477
771 0.940017 0.586556
772 0.940017 0.589131
773 0.940017 0.581083
774 0.940017 0.591489
775 0.940017 0.580135
776 0.940017 0.550209
777 0.940017 0.536103
778 0.940017 0.504931
779 0.940017 0.524639
780 0.940017 0.482589
781 0.940017 0.48093
782 0.940017 0.521423
783 0.940017 0.541061
784 0.940017 0.493172
785 0.940017 0.509801
786 0.940017 0.506853
787 0.940017 0.490397
788 0.940017 0.503829
789 0.940017 0.497043
790 0.940017 0.525842
791 0.940017 0.553946
792 0.940017 0.556302
793 0.940017 0.526461
794 0.940017 0.544278
795 0.940017 0.557461
796 0.940017 0.531038
797 0.940017 0.538211
798 0.940017 0.517644
799 0.940017 0.507403
800 0.940017 0.487114
801 0.940017 0.516414
802 0.940017 0.553032
803 0.940017 0.556421
804 0.940017 0.572934
805 0.940017 0.521939
806 0.940017 0.533283
807 0.940017 0.544548
808 0.940017 0.545102
809 0.940017 0.518545
810 0.940017 0.561438
811 0.940139 0.554093
812 0.940139 0.571305
813 0.940139 0.562297
814 0.940139 0.567962
815 0.940139 0.589787
816 0.940139 0.590215
817 0.940139 0.580977
818 0.940139 0.578109
819 0.940139 0.600034
820 0.940139 0.55906
821 0.940139 0.560326
822 0.940139 0.553848
823 0.940139 0.575681
824 0.940139 0.547727
825 0.940139 0.558577
826 0.940139 0.587001
827 0.940139 0.561356
828 0.940139 0.609254
829 0.940139 0.595304
830 0.940139 0.591672
831 0.940523 0.603301
832 0.940523 0.599916
833 0.940523 0.561897
834 0.940523 0.576856
835 0.940523 0.600001
836 0.940523 0.552091
837 0.940523 0.5425
838 0.940523 0.531437
839 0.940523 0.561671
840 0.940523 0.537769
841 0.940523 0.573987
842 0.940523 0.569985
843 0.940523 0.568796
844 0.940523 0.555395
845 0.940523 0.53783
846 0.940523 0.513222
847 0.940523 0.550478
848 0.940523 0.560546
849 0.940703 0.551963
850 0.940703 0.569759
851 0.940703 0.553888
852 0.940703 0.512512
853 0.940703 0.559036
854 0.940703 0.508047
855 0.940703 0.504243
856 0.940786 0.555682
857 0.940786 0.547685
858 0.940786 0.549055
859 0.940786 0.569611
860 0.940786 0.587047
861 0.940786 0.62049
862 0.940786 0.59377
863 0.940786 0.603339
864 0.940786 0.561174
865 0.940786 0.615558
866 0.940786 0.597688
867 0.940786 0.569718
868 0.940786 0.582894
869 0.940786 0.533056
870 0.940786 0.574495
871 0.940786 0.560659
872 0.940786 0.571656
873 0.940786 0.600528
874 0.940786 0.601951
875 0.940786 0.572551
876 0.940786 0.572973
877 0.940786 0.526815
878 0.940786 0.54064
879 0.940786 0.554467
880 0.940786 0.549772
881 0.940786 0.562339
882 0.940786 0.548504
883 0.940786 0.562783
884 0.940786 0.534874
885 0.940786 0.532929
886 0.940786 0.512296
887 0.940786 0.51058
888 0.940786 0.513081
889 0.940786 0.534474
890 0.940786 0.495328
891 0.940786 0.498014
892 0.940786 0.548454
893 0.940786 0.547561
894 0.940786 0.496003
895 0.940786 0.49318
896 0.940786 0.460961
897 0.940786 0.459949
898 0.940786 0.507095
899 0.940786 0.528151
900 0.940786 0.539016
901 0.940786 0.552771
902 0.940786 0.549467
903 0.940786 0.5756
904 0.940786 0.503223
905 0.940786 0.537677
906 0.940786 0.550213
907 0.940786 0.494349
908 0.940786 0.502828
909 0.940786 0.523542
910 0.940786 0.519396
911 0.940786 0.466492
912 0.940786 0.532976
913 0.940786 0.500801
914 0.940786 0.487113
915 0.940786 0.501911
916 0.940786 0.454059
917 0.940786 0.48868
918 0.940786 0.479057
919 0.940786 0.441341
920 0.940786 0.466596
921 0.940786 0.447493
922 0.940786 0.467148
923 0.940786 0.448287
924 0.940786 0.42199
925 0.940786 0.442707
926 0.940786 0.414923
927 0.940786 0.464641
928 0.940786 0.477419
929 0.940786 0.467
930 0.940786 0.459767
931 0.940786 0.466216
932 0.940978 0.49868
933 0.940978 0.518109
934 0.940978 0.522496
935 0.940978 0.553441
936 0.940978 0.600822
937 0.940978 0.605077
938 0.940978 0.574739
939 0.940978 0.507268
940 0.940978 0.512988
941 0.940978 0.470882
942 0.940978 0.481501
943 0.940978 0.493039
944 0.940978 0.489386
945 0.940978 0.464686
946 0.940978 0.461798
947 0.940978 0.494313
948 0.940988 0.473428
949 0.940988 0.488388
950 0.940988 0.500881
951 0.940988 0.459301
952 0.940988 0.467708
953 0.940988 0.448739
954 0.940988 0.504773
955 0.940988 0.517085
956 0.940988 0.534303
957 0.940988 0.523546
958 0.940988 0.549569
959 0.940988 0.547753
960 0.940988 0.518111
961 0.940988 0.539339
962 0.940988 0.551337
963 0.940988 0.569749
964 0.940988 0.55428
965 0.940988 0.524255
966 0.940988 0.534834
967 0.940988 0.532129
968 0.940988 0.559009
969 0.940988 0.551103
970 0.940988 0.563202
971 0.940988 0.581826
972 0.940988 0.553289
973 0.940988 0.555819
974 0.940988 0.541672
975 0.940988 0.570722
976 0.940988 0.569847
977 0.940988 0.542697
978 0.940988 0.546865
979 0.940988 0.515625
980 0.940988 0.538612
981 0.940988 0.545604
982 0.940988 0.544389
983 0.940988 0.516981
984 0.940988 0.515349
985 0.940988 0.561829
986 0.940988 0.516843
987 0.940988 0.484482
988 0.940988 0.470952
989 0.940988 0.495775
990 0.940988 0.540465
991 0.940988 0.511104
992 0.940988 0.493934
993 0.940988 0.508573
994 0.940988 0.503822
995 0.940988 0.49038
996 0.940988 0.466481
997 0.940988 0.470355
998 0.940988 0.48637
999 0.940988 0.4797
1000 0.940988 0.512616
1000 0.94087 0.516298
