0 0.841837 0.132195
1 0.860052 0.15756
2 0.860052 0.166678
3 0.861083 0.202755
4 0.861083 0.200466
5 0.868067 0.209949
6 0.87387 0.173634
7 0.87387 0.163089
8 0.87387 0.176086
9 0.87387 0.182714
10 0.87387 0.186101
11 0.884792 0.19774
12 0.884792 0.175522
13 0.884792 0.179711
14 0.885758 0.207812
15 0.888288 0.204504
16 0.888296 0.20647
17 0.888296 0.217447
18 0.888296 0.205881
19 0.888296 0.232046
20 0.888296 0.219098
21 0.888296 0.234684
22 0.888296 0.206729
23 0.888296 0.257238
24 0.888296 0.220093
25 0.888296 0.248613
26 0.888296 0.263359
27 0.888296 0.260933
28 0.888296 0.256149
29 0.888296 0.284303
30 0.888296 0.298005
31 0.888296 0.229164
32 0.888296 0.276662
33 0.888296 0.259315
34 0.888296 0.288152
35 0.888296 0.291865
36 0.890137 0.259813
37 0.890788 0.252996
38 0.890788 0.317084
39 0.890788 0.307444
40 0.890788 0.330722
41 0.890788 0.314556
42 0.892262 0.326789
43 0.892262 0.34372
44 0.895119 0.366555
45 0.895119 0.348694
46 0.895119 0.389412
47 0.895119 0.342495
48 0.895119 0.359854
49 0.895119 0.365508
50 0.895119 0.370926
51 0.895119 0.362599
52 0.895119 0.353147
53 0.895119 0.381239
54 0.895119 0.333201
55 0.895119 0.333568
56 0.896845 0.368067
57 0.896845 0.345449
58 0.896845 0.362211
59 0.896845 0.378063
60 0.896845 0.350248
61 0.896845 0.381365
62 0.896845 0.396126
63 0.896845 0.394937
64 0.896845 0.446995
65 0.896845 0.394879
66 0.896845 0.377204
67 0.896845 0.3621
68 0.896845 0.398755
69 0.896845 0.401389
70 1 0.359132
70 0.723606 0.183652
71 0.723606 0.225517
72 0.844274 0.23751
73 0.854205 0.260762
74 0.86243 0.253869
75 0.86243 0.285941
76 0.86243 0.312951
77 0.871694 0.306766
78 0.871694 0.308434
79 0.871694 0.337322
80 0.871694 0.310038
81 0.871694 0.312063
82 0.871694 0.326297
83 0.871694 0.336763
84 0.871694 0.310863
85 0.871694 0.341935
86 0.871694 0.353353
87 0.871694 0.372069
88 0.872108 0.371332
89 0.872108 0.392453
90 0.872108 0.399605
91 0.872108 0.419353
92 0.872108 0.414209
93 0.87264 0.434922
94 0.87264 0.43753
95 0.87264 0.406663
96 0.87264 0.418128
97 0.87264 0.433732
98 0.87264 0.462436
99 0.87264 0.460244
100 0.87264 0.473062
101 0.872872 0.467796
102 0.872872 0.442089
103 0.873045 0.459576
104 0.873045 0.494246
105 0.873045 0.500436
106 0.873045 0.507938
107 0.873045 0.512232
108 0.873045 0.519541
109 0.873045 0.536937
110 0.875896 0.548855
111 0.875896 0.57104
112 0.875896 0.580173
113 0.875896 0.57169
114 0.875896 0.559264
115 0.875896 0.545518
116 0.875896 0.547201
117 0.875896 0.556222
118 0.875896 0.581369
119 0.876241 0.602919
120 0.876241 0.613245
121 0.876241 0.592511
122 0.876241 0.603893
123 0.876241 0.594062
124 0.917077 0.592018
125 0.92011 0.620277
126 0.92011 0.610089
127 0.92011 0.605424
128 0.92011 0.608725
129 0.92011 0.630958
130 0.92011 0.616599
131 0.92011 0.641016
132 0.92011 0.637283
133 0.92011 0.628911
134 0.92011 0.660767
135 0.92011 0.675959
136 0.928529 0.664456
137 0.928529 0.6388
138 0.928529 0.642028
139 0.928529 0.615647
140 0.928529 0.597783
141 0.928529 0.625075
142 0.928529 0.643968
143 0.928529 0.635999
144 0.928529 0.641503
145 0.929434 0.651829
146 0.929434 0.654514
147 0.929434 0.643433
148 0.929434 0.654465
149 0.929434 0.66778
150 0.929511 0.653074
151 0.929511 0.670322
152 0.929511 0.650304
153 0.929511 0.649437
154 0.929511 0.668553
155 0.929511 0.655732
156 0.929537 0.662281
157 0.929537 0.660209
158 0.929537 0.647528
159 0.929537 0.685932
160 0.929537 0.685437
161 0.929574 0.699797
162 0.930708 0.685652
163 0.930708 0.684113
164 0.930708 0.684615
165 0.931228 0.685975
166 0.931228 0.715683
167 0.931228 0.701157
168 0.931228 0.703489
169 0.931228 0.717059
170 0.931228 0.691016
171 0.931228 0.703813
172 0.931228 0.697456
173 0.931228 0.69284
174 0.931228 0.681104
175 0.931228 0.679544
176 0.931228 0.688443
177 0.931228 0.690105
178 0.931228 0.668282
179 0.931228 0.689882
180 0.931228 0.692279
181 0.931228 0.698833
182 0.931228 0.708263
183 0.931228 0.699146
184 0.931228 0.715646
185 0.931228 0.722362
186 0.931228 0.691752
187 0.931228 0.660376
188 0.931228 0.669239
189 0.931228 0.688124
190 0.931228 0.661047
191 0.931228 0.692738
192 0.931228 0.693488
193 0.931228 0.701263
194 0.931228 0.684023
195 0.931228 0.6993
196 0.931228 0.722174
197 0.931228 0.732988
198 0.931228 0.726062
199 0.931228 0.725778
200 0.931228 0.703661
201 0.931228 0.708799
202 0.931228 0.736589
203 0.931228 0.727782
204 0.931228 0.750276
205 0.931228 0.732687
206 0.931228 0.729824
207 0.931228 0.724936
208 0.931228 0.694716
209 0.931228 0.700245
210 0.931228 0.713331
211 0.931228 0.713453
212 0.931228 0.728551
213 0.931228 0.718672
214 0.931228 0.697042
215 0.931228 0.739124
216 0.931228 0.722946
217 0.931228 0.722883
218 0.931228 0.70241
219 0.931228 0.70398
220 0.931228 0.725305
221 0.931228 0.760436
222 0.931228 0.749541
223 0.931228 0.750951
224 0.931228 0.744515
225 0.931228 0.72118
226 0.931228 0.721487
227 0.931228 0.736178
228 0.932262 0.74735
229 0.932262 0.739435
230 0.932262 0.739336
231 0.932262 0.742435
232 0.932262 0.755404
233 0.932262 0.749244
234 0.932262 0.752273
235 0.932262 0.745444
236 0.932262 0.727222
237 0.932262 0.744685
238 0.932262 0.759988
239 0.932262 0.746322
240 0.932262 0.731752
241 0.932262 0.738153
242 0.932262 0.725272
243 0.932262 0.720471
244 0.932262 0.703335
245 0.932262 0.682346
246 0.932382 0.674003
247 0.932382 0.6581
248 0.932382 0.671093
249 0.932382 0.650614
250 0.932473 0.644776
251 0.932473 0.69646
252 0.932473 0.682806
253 0.933555 0.686007
254 0.933555 0.698285
255 0.933555 0.722461
256 0.933555 0.736605
257 0.933555 0.705659
258 0.933555 0.699392
259 0.933555 0.673824
260 0.933555 0.646285
261 0.933555 0.699578
262 0.933555 0.6911
263 0.933555 0.706959
264 0.933555 0.701319
265 0.933555 0.719176
266 0.933555 0.729614
267 0.933555 0.731369
268 0.933739 0.699961
269 0.933739 0.745208
270 0.933739 0.711865
271 0.933739 0.722952
272 0.933739 0.733106
273 0.934408 0.752503
274 0.934408 0.717774
275 0.934408 0.74212
276 0.934408 0.716756
277 0.934408 0.737812
278 0.934408 0.695504
279 0.934408 0.719411
280 0.934408 0.756242
281 0.934408 0.744224
282 0.934408 0.731759
283 0.934408 0.754182
284 0.934408 0.750027
285 0.934408 0.737409
286 0.934408 0.732717
287 0.934408 0.733158
288 0.934408 0.740102
289 0.934408 0.754398
290 0.934408 0.725344
291 0.934408 0.727965
292 0.934408 0.720565
293 0.934408 0.718841
294 0.934408 0.723773
295 0.934408 0.737307
296 0.934408 0.746845
297 0.934408 0.738755
298 0.934408 0.739196
299 0.934408 0.702094
300 0.934408 0.761126
301 0.934408 0.721723
302 0.934408 0.73201
303 0.934408 0.727262
304 0.934408 0.732147
305 0.934408 0.730138
306 0.934408 0.740368
307 0.934408 0.735574
308 0.934408 0.720048
309 0.934408 0.711358
310 0.934408 0.711353
311 0.934944 0.735088
312 0.934944 0.723748
313 0.934944 0.701912
314 0.934944 0.69581
315 0.934944 0.690287
316 0.934944 0.688619
317 0.934944 0.698403
318 0.934944 0.695374
319 0.934944 0.694049
320 0.934944 0.679671
321 0.934944 0.702414
322 0.935 0.703992
323 0.935 0.691185
324 0.935 0.715779
325 0.935 0.688427
326 0.935 0.703588
327 0.935 0.714625
328 0.935 0.701251
329 0.935 0.717552
330 0.935 0.69022
331 0.935 0.680047
332 0.935 0.708682
333 0.935 0.699248
334 0.935 0.685199
335 0.935 0.668177
336 0.935 0.67111
337 0.935 0.695277
338 0.935 0.688074
339 0.935 0.685489
340 0.935 0.671962
341 0.935 0.653183
342 0.935 0.640061
343 0.935 0.685537
344 0.935 0.674976
345 0.935 0.694503
346 0.935037 0.717694
347 0.935037 0.692139
348 0.935037 0.714561
349 0.935037 0.695792
350 0.935037 0.709273
351 0.935037 0.704171
352 0.935037 0.683399
353 0.935037 0.667255
354 0.935037 0.69513
355 0.935037 0.667406
356 0.935037 0.677134
357 0.935037 0.687567
358 0.935037 0.689246
359 0.935037 0.699659
360 0.935037 0.688105
361 0.935037 0.690396
362 0.935037 0.717817
363 0.935037 0.736888
364 0.935037 0.686738
365 0.935037 0.688455
366 0.935037 0.707611
367 0.935037 0.713701
368 0.935037 0.700161
369 0.935062 0.70423
370 0.935062 0.699868
371 0.935062 0.721975
372 0.935062 0.713064
373 0.935062 0.724623
374 0.935062 0.716799
375 0.935062 0.724223
376 0.935062 0.723161
377 0.935062 0.704007
378 0.935062 0.721669
379 0.935062 0.703303
380 0.935072 0.714053
381 0.935072 0.716142
382 0.935072 0.722001
383 0.935072 0.739917
384 0.935072 0.738428
385 0.935072 0.732331
386 0.935072 0.744685
387 0.935072 0.734902
388 0.935072 0.74014
389 0.935072 0.749329
390 0.935072 0.737195
391 0.935072 0.730141
392 0.935072 0.723571
393 0.935072 0.712175
394 0.935072 0.726725
395 0.935072 0.69242
396 0.935297 0.699682
397 0.935645 0.725644
398 0.935645 0.730142
399 0.935645 0.734183
400 0.935652 0.737046
401 0.935687 0.738334
402 0.935687 0.742423
403 0.935687 0.725547
404 0.935687 0.716583
405 0.935687 0.713354
406 0.935687 0.725621
407 0.935687 0.743616
408 0.935687 0.724768
409 0.935687 0.721212
410 0.935687 0.711335
411 0.935687 0.703882
412 0.935687 0.702572
413 0.935687 0.712943
414 0.935687 0.72375
415 0.935687 0.716495
416 0.935687 0.723047
417 0.935687 0.710643
418 0.935687 0.715827
419 0.935687 0.711082
420 0.935687 0.739922
421 0.935687 0.740389
422 0.935687 0.715246
423 0.93639 0.727673
424 0.93639 0.714654
425 0.93639 0.741369
426 0.93639 0.744551
427 0.93639 0.756754
428 0.93639 0.76845
429 0.93639 0.755077
430 0.93639 0.767123
431 0.93639 0.760103
432 0.93639 0.755233
433 0.93639 0.747899
434 0.93639 0.777438
435 0.93639 0.760207
436 0.93639 0.779381
437 0.93639 0.768044
438 0.936447 0.776636
439 0.936447 0.759871
440 0.936447 0.75323
441 0.936447 0.775777
442 0.936447 0.771638
443 0.936447 0.759155
444 0.936447 0.786963
445 0.936447 0.787759
446 0.936447 0.79185
447 0.936447 0.8005
448 0.936447 0.793238
449 0.936447 0.813444
450 0.936447 0.803458
451 0.936447 0.794767
452 0.936447 0.785036
453 0.936797 0.780668
454 0.936797 0.788321
455 0.936797 0.766578
456 0.936797 0.774843
457 0.936797 0.767066
458 0.936797 0.774852
459 0.936797 0.766608
460 0.936797 0.774687
461 0.936797 0.768809
462 0.936797 0.76613
463 0.936797 0.753612
464 0.936797 0.774923
465 0.936797 0.773051
466 0.936797 0.766894
467 0.936797 0.779536
468 0.936797 0.786494
469 0.936797 0.772605
470 0.936797 0.77558
471 0.936797 0.763717
472 0.936797 0.723456
473 0.936797 0.74421
474 0.936797 0.76977
475 0.936797 0.761586
476 0.936797 0.755894
477 0.936797 0.74986
478 0.936797 0.745153
479 0.936797 0.755214
480 0.936797 0.742086
481 0.936797 0.782295
482 0.936797 0.778537
483 0.936797 0.780894
484 0.936797 0.784986
485 0.936797 0.77879
486 0.936877 0.784891
487 0.936877 0.781834
488 0.936877 0.765274
489 0.936877 0.777209
490 0.936877 0.784907
491 0.936877 0.76283
492 0.936877 0.778028
493 0.936877 0.761668
494 0.936877 0.769608
495 0.936877 0.779142
496 0.936877 0.769972
497 0.936877 0.77096
498 0.936877 0.767304
499 0.936877 0.77308
500 0.936877 0.774459
501 0.936877 0.756864
502 0.936877 0.764853
503 0.936877 0.774148
504 0.936877 0.762203
505 0.936877 0.774646
506 0.936877 0.767743
507 0.936877 0.785056
508 0.936877 0.78311
509 0.936877 0.779882
510 0.936877 0.776248
511 0.936877 0.782055
512 0.936877 0.787879
513 0.936877 0.788913
514 0.936877 0.78076
515 0.936877 0.809066
516 0.936877 0.779898
517 0.936877 0.784308
518 0.936877 0.781355
519 0.936877 0.788055
520 0.936877 0.791079
521 0.936877 0.7915
522 0.936877 0.805857
523 0.936877 0.782703
524 0.936877 0.77574
525 0.936877 0.789711
526 0.936877 0.803815
527 0.936877 0.790464
528 0.936877 0.786196
529 0.936877 0.777842
530 0.936877 0.798747
531 0.936877 0.77964
532 0.936877 0.788208
533 0.936877 0.785939
534 0.936877 0.789608
535 0.936877 0.797109
536 0.936957 0.80057
537 0.936957 0.806605
538 0.936957 0.796803
539 0.936957 0.812026
540 0.936957 0.779901
541 0.937272 0.778089
542 0.937272 0.78334
543 0.937272 0.796762
544 0.937386 0.778507
545 0.937386 0.773629
546 0.937386 0.76893
547 0.937386 0.765946
548 0.9377 0.760564
549 0.9377 0.776687
550 0.9377 0.764949
551 0.9377 0.769491
552 0.9377 0.757301
553 0.9377 0.760214
554 0.9377 0.765984
555 0.9377 0.784062
556 0.9377 0.771293
557 0.9377 0.775377
558 0.937701 0.77972
559 0.937701 0.765313
560 0.937701 0.770065
561 0.937701 0.772737
562 0.937701 0.757648
563 0.937701 0.766386
564 0.937701 0.778739
565 0.937701 0.758384
566 0.937701 0.760881
567 0.937701 0.764249
568 0.93873 0.765052
569 0.93873 0.769641
570 0.93873 0.773377
571 0.93873 0.777543
572 0.93873 0.77566
573 0.93873 0.771223
574 0.93873 0.797226
575 0.93873 0.788206
576 0.938753 0.797478
577 0.938753 0.78598
578 0.938753 0.789746
579 0.938753 0.786551
580 0.938753 0.792268
581 0.938753 0.789969
582 0.938753 0.778657
583 0.938753 0.781254
584 0.938753 0.754532
585 0.938753 0.759478
586 0.938753 0.74744
587 0.938753 0.770092
588 0.938753 0.768517
589 0.938753 0.792743
590 0.938753 0.784721
591 0.938753 0.777239
592 0.938753 0.769045
593 0.938753 0.760393
594 0.938753 0.769213
595 0.939062 0.789155
596 0.939062 0.767545
597 0.939204 0.768149
598 0.939204 0.784101
599 0.939204 0.753546
600 0.939204 0.753928
601 0.939204 0.755384
602 0.939204 0.744804
603 0.939204 0.751797
604 0.939204 0.72665
605 0.939204 0.7137
606 0.939204 0.735857
607 0.939204 0.765349
608 0.939204 0.722798
609 0.939204 0.729321
610 0.939204 0.742692
611 0.939204 0.756286
612 0.939204 0.753155
613 0.939204 0.739145
614 0.939204 0.742639
615 0.939712 0.731931
616 0.939712 0.74176
617 0.939712 0.741308
618 0.939712 0.758806
619 0.939712 0.732917
620 0.940691 0.735399
621 0.940691 0.73525
622 0.940691 0.732793
623 0.940691 0.706472
624 0.940691 0.690553
625 0.940691 0.71507
626 0.940691 0.71705
627 0.940691 0.703247
628 0.940691 0.700833
629 0.940691 0.694062
630 0.940691 0.702742
631 0.940691 0.679382
632 0.940691 0.686336
633 0.940691 0.704672
634 0.940691 0.722046
635 0.942729 0.715627
636 0.942729 0.716543
637 0.942729 0.703556
638 0.942729 0.709238
639 0.942729 0.699746
640 0.942729 0.702098
641 0.942729 0.700646
642 0.942729 0.710914
643 0.942729 0.716301
644 0.942729 0.714785
645 0.942729 0.724478
646 0.942729 0.70832
647 0.942729 0.708293
648 0.942729 0.703294
649 0.942729 0.728352
650 0.942729 0.724196
651 0.942729 0.745584
652 0.942729 0.722038
653 0.942729 0.749231
654 0.942729 0.745758
655 0.942729 0.744562
656 0.942729 0.730448
657 0.942729 0.735169
658 0.942729 0.720461
659 0.942729 0.707214
660 0.942729 0.720535
661 0.942729 0.740775
662 0.942729 0.748561
663 0.942729 0.734471
664 0.942729 0.736423
665 0.942729 0.756461
666 0.942729 0.754816
667 0.942729 0.75697
668 0.942729 0.762195
669 0.942729 0.753445
670 0.942729 0.738604
671 0.942729 0.760416
672 0.942729 0.755626
673 0.942729 0.75026
674 0.942729 0.759752
675 0.942729 0.773223
676 0.942729 0.752609
677 0.942729 0.775236
678 0.942729 0.792864
679 0.942729 0.777734
680 0.942729 0.775803
681 0.942729 0.768322
682 0.942729 0.767549
683 0.942729 0.778138
684 0.942729 0.783253
685 0.942729 0.782897
686 0.942729 0.776507
687 0.942729 0.769652
688 0.94477 0.789639
689 0.94477 0.780549
690 0.94477 0.759969
691 0.94477 0.783469
692 0.94477 0.780949
693 0.94477 0.783324
694 0.94477 0.787199
695 0.94477 0.777755
696 0.94477 0.723126
697 0.94477 0.758384
698 0.94477 0.753619
699 0.94477 0.74506
700 0.94477 0.740028
701 0.94477 0.740547
702 0.94477 0.742547
703 0.94477 0.763237
704 0.94477 0.754526
705 0.94477 0.753652
706 0.94477 0.759304
707 0.94477 0.776125
708 0.94477 0.770515
709 0.94477 0.778688
710 0.94477 0.767563
711 0.94477 0.766018
712 0.94477 0.771456
713 0.94477 0.761089
714 0.94477 0.773816
715 0.94477 0.782202
716 0.94477 0.767534
717 0.94477 0.756982
718 0.94477 0.750288
719 0.944786 0.750915
720 0.944786 0.780236
721 0.944786 0.769024
722 0.944786 0.774693
723 0.944786 0.762247
724 0.944786 0.772921
725 0.944791 0.775976
726 0.944791 0.771783
727 0.944791 0.774332
728 0.944791 0.773589
729 0.944791 0.768996
730 0.944791 0.755726
731 0.944791 0.756717
732 0.944791 0.740898
733 0.944791 0.764967
734 0.944791 0.749261
735 0.944791 0.744068
736 0.944791 0.75414
737 0.945561 0.742944
738 0.945561 0.747818
739 0.945561 0.758283
740 0.945561 0.758005
741 0.945561 0.783052
742 0.945561 0.768242
743 0.947025 0.747769
744 0.947025 0.74697
745 0.947025 0.758873
746 0.947025 0.74251
747 0.947025 0.743609
748 0.947025 0.731277
749 0.947025 0.748089
750 0.947025 0.747302
751 0.947025 0.755596
752 0.947025 0.763746
753 0.947025 0.758404
754 0.947025 0.764222
755 0.947025 0.755035
756 0.947025 0.749128
757 0.947025 0.744137
758 0.947025 0.750889
759 0.947025 0.749065
760 0.947025 0.727129
761 0.947025 0.766155
762 0.947025 0.757462
763 0.947025 0.77317
764 0.947025 0.781157
765 0.947058 0.77725
766 0.947058 0.764018
767 0.947058 0.758388
768 0.947058 0.771125
769 0.947058 0.751179
770 0.947058 0.741924
771 0.947058 0.745587
772 0.947058 0.751076
773 0.947058 0.727337
774 0.947058 0.726676
775 0.947058 0.714645
776 0.947058 0.714469
777 0.947058 0.726131
778 0.947058 0.760026
779 0.947058 0.732242
780 0.947058 0.750597
781 0.947058 0.762795
782 0.947058 0.742405
783 0.947058 0.735797
784 0.947123 0.747076
785 0.947123 0.732283
786 0.947123 0.751594
787 0.947123 0.736396
788 0.947123 0.744771
789 0.947123 0.747119
790 0.947123 0.754872
791 0.947123 0.768476
792 0.947123 0.749183
793 0.947217 0.766824
794 0.947217 0.77828
795 0.947217 0.764356
796 0.947217 0.749537
797 0.947217 0.762284
798 0.947217 0.754597
799 0.947217 0.753961
800 0.947217 0.755703
801 0.947217 0.769975
802 0.947217 0.790513
803 0.947217 0.781751
804 0.947217 0.791607
805 0.947217 0.779977
806 0.947217 0.767033
807 0.947217 0.754536
808 0.947217 0.780002
809 0.947217 0.748489
810 0.947217 0.790561
811 0.947217 0.781418
812 0.947217 0.781694
813 0.947273 0.792565
814 0.947273 0.78327
815 0.947273 0.789622
816 0.947273 0.790575
817 0.947277 0.788684
818 0.948589 0.7787
819 0.948589 0.772263
820 0.948589 0.766555
821 0.948589 0.772491
822 0.948589 0.750401
823 0.948589 0.770288
824 0.948589 0.7548
825 0.948589 0.768361
826 0.948589 0.762111
827 0.948754 0.729658
828 0.948754 0.748749
829 0.948754 0.734147
830 0.948754 0.744923
831 0.948754 0.739061
832 0.948754 0.75799
833 0.948754 0.750178
834 0.948754 0.729892
835 0.949028 0.723621
836 0.949028 0.748866
837 0.949068 0.753933
838 0.949068 0.749847
839 0.949068 0.762283
840 0.949068 0.75676
841 0.949068 0.762974
842 0.949068 0.764712
843 0.949068 0.776334
844 0.949068 0.768408
845 0.949068 0.745121
846 0.949068 0.755459
847 0.949068 0.772797
848 0.949068 0.754845
849 0.950517 0.753187
850 0.950517 0.746029
851 0.950517 0.758433
852 0.950517 0.755945
853 0.950517 0.753278
854 0.950517 0.758243
855 0.950517 0.74688
856 0.950517 0.729969
857 0.950517 0.714922
858 0.950517 0.756482
859 0.950517 0.755652
860 0.950517 0.73918
861 0.950517 0.752447
862 0.950517 0.758627
863 0.950627 0.768886
864 0.950657 0.790696
865 0.950657 0.781617
866 0.950657 0.778656
867 0.950657 0.770775
868 0.950657 0.76999
869 0.950657 0.758769
870 0.950657 0.773355
871 0.950657 0.789457
872 0.950657 0.772166
873 0.950657 0.771693
874 0.950657 0.767118
875 0.951084 0.750991
876 0.951084 0.773453
877 0.951084 0.754737
878 0.951084 0.792679
879 0.951084 0.792655
880 0.951084 0.791581
881 0.951084 0.806179
882 0.951111 0.798284
883 0.951111 0.791196
884 0.951111 0.786803
885 0.951111 0.787272
886 0.951111 0.788278
887 0.951111 0.785326
888 0.951111 0.768225
889 0.951111 0.763787
890 0.951111 0.777292
891 0.951111 0.752904
892 0.951111 0.776147
893 0.951111 0.787793
894 0.951111 0.776026
895 0.951138 0.787953
896 0.951138 0.778383
897 0.951138 0.770061
898 0.951138 0.803959
899 0.951138 0.808685
900 0.951138 0.792823
901 0.951138 0.796384
902 0.951138 0.780163
903 0.951138 0.779333
904 0.951138 0.751483
905 0.953486 0.782266
906 0.953486 0.781345
907 0.953486 0.786563
908 0.953486 0.771078
909 0.953486 0.78045
910 0.953486 0.787264
911 0.953486 0.790512
912 0.953486 0.779375
913 0.953486 0.790317
914 0.953486 0.789265
915 0.953486 0.79115
916 0.953486 0.786323
917 0.953486 0.79249
918 0.953486 0.792186
919 0.953486 0.784257
920 0.953486 0.78022
921 0.953486 0.770628
922 0.953486 0.773521
923 0.953486 0.775451
924 0.953486 0.780126
925 0.953486 0.77773
926 0.953486 0.789805
927 0.953486 0.796318
928 0.953486 0.779537
929 0.953486 0.780395
930 0.953486 0.789054
931 0.953486 0.782973
932 0.953486 0.785162
933 0.953486 0.762322
934 0.953486 0.766531
935 0.953486 0.766791
936 0.953486 0.787807
937 0.95368 0.779597
938 0.95368 0.762883
939 0.95368 0.766387
940 0.95368 0.779059
941 0.95368 0.78782
942 0.95368 0.794904
943 0.95368 0.783213
944 0.95368 0.785912
945 0.95368 0.78213
946 0.95368 0.778391
947 0.95368 0.77266
948 0.95368 0.755169
949 0.95368 0.778141
950 0.95368 0.769857
951 0.95368 0.766339
952 0.953718 0.765943
953 0.953718 0.782985
954 0.953718 0.759665
955 0.953718 0.769766
956 0.953718 0.792609
957 0.953718 0.793505
958 0.953718 0.77695
959 0.953718 0.77197
960 0.95395 0.77078
961 0.95395 0.73618
962 0.95395 0.752355
963 0.95395 0.756819
964 0.95395 0.753071
965 0.95395 0.753307
966 0.95395 0.743657
967 0.95395 0.752296
968 0.95395 0.750711
969 0.95395 0.757423
970 0.95395 0.76017
971 0.95395 0.762323
972 0.95395 0.776879
973 0.95395 0.754358
974 0.95395 0.767856
975 0.95395 0.771837
976 0.95395 0.779258
977 0.95395 0.754979
978 0.95395 0.75598
979 0.95395 0.766567
980 0.95395 0.750194
981 0.95395 0.741414
982 0.95395 0.757533
983 0.95395 0.758651
984 0.95395 0.753527
985 0.95395 0.754324
986 0.95395 0.746136
987 0.95395 0.769076
988 0.95395 0.761303
989 0.95395 0.772199
990 0.95395 0.761714
991 0.95395 0.768882
992 0.95395 0.772966
993 0.954684 0.78358
994 0.954684 0.764592
995 0.954684 0.763942
996 0.954684 0.756703
997 0.954684 0.763119
998 0.954684 0.764522
999 0.954684 0.754558
1000 0.954684 0.771987
1000 0.946312 0.770641
