0 0.845661 0.184866
1 0.851808 0.191623
2 0.851808 0.167824
3 0.859478 0.226443
4 0.860692 0.172281
5 0.860692 0.146127
6 0.860692 0.162909
7 0.860742 0.150928
8 0.860762 0.18721
9 0.860851 0.227836
10 0.860851 0.228157
11 0.860851 0.206563
12 0.860851 0.246657
13 0.860851 0.252114
14 0.860851 0.237899
15 0.860869 0.200711
16 0.861027 0.225314
17 0.861027 0.230607
18 0.861027 0.240972
19 0.861027 0.245447
20 0.861027 0.211555
21 0.861044 0.294278
22 0.861044 0.271456
23 0.861044 0.283007
24 0.861044 0.33019
25 0.861044 0.248166
26 0.861044 0.236286
27 0.861044 0.222378
28 0.861044 0.226816
29 0.861044 0.204616
30 0.861044 0.216654
31 0.861044 0.228941
32 0.861044 0.265552
33 0.861044 0.271432
34 0.863147 0.295623
35 0.863147 0.299273
36 0.863147 0.250111
37 0.863147 0.297342
38 0.863147 0.30704
39 0.863147 0.309195
40 0.863147 0.361604
41 0.863147 0.340852
42 0.863147 0.35616
43 0.863147 0.294735
44 0.863147 0.245611
45 0.863285 0.293313
46 0.863285 0.336922
47 0.863285 0.33383
48 0.863285 0.314257
49 0.863285 0.321513
50 0.863285 0.322389
51 0.863285 0.300178
52 0.863285 0.288355
53 0.863285 0.325997
54 0.863285 0.328488
55 0.863285 0.348052
56 0.863313 0.33903
57 0.863313 0.315119
58 0.863313 0.321029
59 0.863421 0.323737
60 0.865684 0.30951
61 0.865684 0.297289
62 0.865684 0.313504
63 0.865772 0.328909
64 0.865772 0.326905
65 0.865772 0.276843
66 0.865772 0.2922
67 0.865772 0.292307
68 0.865772 0.299853
69 0.865772 0.279565
70 0.865772 0.286253
71 0.865772 0.301314
72 0.925949 0.340421
73 0.925949 0.300776
74 0.925949 0.33879
75 0.925949 0.375366
76 0.925949 0.321056
77 0.925949 0.340085
78 0.925949 0.339237
79 0.925949 0.334071
80 0.925949 0.304399
81 0.925949 0.298763
82 0.925949 0.323105
83 0.925949 0.310807
84 0.925949 0.339537
85 0.925949 0.335759
86 0.925949 0.346458
87 0.925949 0.326525
88 0.925949 0.373371
89 0.925949 0.379822
90 0.925949 0.39281
91 0.925949 0.411562
92 0.925949 0.418729
93 0.925949 0.41519
94 0.925949 0.457911
95 0.925949 0.421137
96 0.925949 0.408965
97 0.925949 0.414153
98 0.932762 0.4294
99 0.932762 0.423375
100 0.932762 0.45873
101 1 0.478288
101 0.547983 0.267245
102 0.547983 0.280756
103 0.553774 0.238842
104 0.553774 0.250278
105 0.553774 0.255667
106 0.58258 0.271707
107 0.590705 0.276357
108 0.590705 0.302415
109 0.829987 0.300632
110 0.829987 0.311655
111 0.847727 0.33435
112 0.849735 0.352679
113 0.850205 0.330139
114 0.85502 0.37076
115 0.85502 0.349265
116 0.85502 0.32221
117 0.85502 0.30582
118 0.85502 0.330576
119 0.889777 0.340106
120 0.889777 0.331106
121 0.889777 0.335414
122 0.889777 0.368596
123 0.889777 0.390059
124 0.921457 0.387288
125 0.921457 0.408602
126 0.921457 0.380953
127 0.921457 0.379184
128 0.921469 0.399993
129 0.921469 0.401274
130 0.921471 0.430883
131 0.921471 0.433137
132 0.921471 0.428697
133 0.921471 0.468645
134 0.921471 0.490636
135 0.922425 0.484561
136 0.922425 0.480566
137 0.922425 0.503911
138 0.922425 0.490014
139 0.923251 0.464073
140 0.923251 0.475498
141 0.923251 0.522872
142 0.923251 0.536505
143 0.923261 0.506459
144 0.923283 0.5387
145 0.923283 0.568509
146 0.923283 0.570921
147 0.923283 0.603828
148 0.926548 0.616062
149 0.926548 0.618039
150 0.929693 0.638848
151 0.929693 0.620095
152 0.929693 0.624479
153 0.929693 0.639078
154 0.929693 0.645845
155 0.929693 0.673371
156 0.929693 0.665719
157 0.929693 0.648913
158 0.929693 0.666262
159 0.929693 0.668355
160 0.929693 0.693789
161 0.929693 0.694012
162 0.929693 0.651602
163 0.929693 0.639396
164 0.929693 0.631374
165 0.929693 0.667356
166 0.929693 0.672064
167 0.929693 0.647593
168 0.929693 0.648977
169 0.929726 0.670372
170 0.929726 0.669354
171 0.929726 0.682386
172 0.929726 0.661498
173 0.929726 0.650627
174 0.929726 0.671841
175 0.929726 0.659315
176 0.929726 0.666603
177 0.929726 0.670739
178 0.929726 0.655395
179 0.930879 0.650008
180 0.930879 0.653168
181 0.930879 0.654916
182 0.930879 0.67605
183 0.931104 0.691454
184 0.932109 0.681848
185 0.932109 0.672967
186 0.932109 0.701495
187 0.932109 0.697882
188 0.932109 0.695992
189 0.932109 0.674931
190 0.932109 0.672441
191 0.932135 0.702554
192 0.933832 0.731478
193 0.933832 0.715271
194 0.934237 0.70637
195 0.935783 0.68918
196 0.935783 0.676122
197 0.935783 0.689667
198 0.935783 0.682625
199 0.935783 0.66964
200 0.935783 0.677783
201 0.936531 0.712975
202 0.936531 0.699719
203 0.936531 0.694054
204 0.936531 0.671
205 0.936531 0.672461
206 0.936531 0.667849
207 0.936531 0.660872
208 0.936531 0.662966
209 0.936531 0.682301
210 0.936531 0.726238
211 0.936531 0.714591
212 0.936531 0.686768
213 0.936531 0.690345
214 0.936531 0.701177
215 0.936531 0.687156
216 0.936531 0.695226
217 0.936531 0.700844
218 0.936531 0.677419
219 0.936548 0.67394
220 0.936548 0.684195
221 0.936548 0.66229
222 0.936548 0.680632
223 0.936548 0.704424
224 0.936548 0.677127
225 0.936548 0.694457
226 0.936548 0.691986
227 0.936548 0.717299
228 0.936548 0.718866
229 0.936548 0.722214
230 0.936548 0.739545
231 0.936548 0.736084
232 0.93659 0.715467
233 0.936617 0.698551
234 0.936617 0.721238
235 0.936617 0.705732
236 0.936617 0.704961
237 0.936617 0.708429
238 0.936617 0.715706
239 0.936617 0.707113
240 0.936617 0.715816
241 0.936617 0.713667
242 0.936617 0.700343
243 0.936617 0.686918
244 0.936617 0.686809
245 0.936617 0.667697
246 0.936617 0.694422
247 0.936617 0.712804
248 0.936617 0.710472
249 0.936617 0.730836
250 0.936617 0.703357
251 0.936617 0.69793
252 0.936617 0.689144
253 0.936681 0.723749
254 0.936681 0.711883
255 0.936681 0.710607
256 0.936681 0.704373
257 0.936681 0.699522
258 0.936681 0.702944
259 0.936681 0.696679
260 0.936681 0.676828
261 0.936681 0.66591
262 0.936681 0.704097
263 0.936681 0.713208
264 0.936747 0.726786
265 0.936747 0.728587
266 0.936747 0.740283
267 0.936747 0.717282
268 0.936747 0.738777
269 0.936747 0.751523
270 0.936936 0.75311
271 0.936936 0.780654
272 0.936936 0.772218
273 0.936936 0.776719
274 0.936936 0.761642
275 0.936936 0.772503
276 0.936936 0.755359
277 0.936936 0.748992
278 0.936936 0.72664
279 0.93695 0.726803
280 0.93695 0.717526
281 0.93695 0.685725
282 0.93695 0.693221
283 0.93695 0.712681
284 0.936954 0.705505
285 0.936954 0.719837
286 0.936954 0.692453
287 0.936954 0.721355
288 0.937026 0.714873
289 0.937026 0.723215
290 0.937921 0.727347
291 0.937921 0.738776
292 0.937921 0.712931
293 0.937921 0.741744
294 0.937921 0.712911
295 0.937921 0.750147
296 0.937921 0.76621
297 0.937921 0.761969
298 0.937921 0.756387
299 0.937921 0.746662
300 0.937921 0.701801
301 0.937921 0.729893
302 0.937921 0.721538
303 0.937921 0.69882
304 0.937921 0.7055
305 0.937921 0.712652
306 0.937921 0.746706
307 0.937921 0.711865
308 0.937921 0.713185
309 0.937921 0.70499
310 0.937921 0.717561
311 0.937921 0.710334
312 0.937921 0.710113
313 0.938093 0.695872
314 0.938093 0.689834
315 0.938093 0.685848
316 0.938093 0.67298
317 0.938093 0.643398
318 0.938093 0.660214
319 0.938093 0.673659
320 0.938093 0.674641
321 0.938093 0.695578
322 0.938093 0.716881
323 0.938093 0.696066
324 0.938105 0.691945
325 0.938105 0.695389
326 0.938105 0.733197
327 0.938105 0.749985
328 0.938105 0.728616
329 0.93834 0.71984
330 0.93834 0.724131
331 0.93834 0.737206
332 0.93834 0.711164
333 0.93834 0.713588
334 0.93834 0.685889
335 0.93834 0.693396
336 0.93834 0.697354
337 0.93834 0.693849
338 0.93834 0.704831
339 0.93834 0.719049
340 0.93834 0.690243
341 0.93834 0.705633
342 0.93834 0.680512
343 0.93834 0.719178
344 0.938505 0.726032
345 0.938649 0.728619
346 0.938649 0.767575
347 0.938649 0.75292
348 0.938649 0.758737
349 0.938649 0.760563
350 0.938892 0.74916
351 0.938892 0.765954
352 0.938892 0.728062
353 0.938938 0.725758
354 0.938938 0.741541
355 0.938938 0.715073
356 0.939008 0.704972
357 0.939008 0.729886
358 0.939008 0.744644
359 0.939008 0.732289
360 0.939008 0.710325
361 0.939008 0.725165
362 0.939008 0.720844
363 0.939008 0.716892
364 0.939008 0.720815
365 0.939008 0.727625
366 0.939008 0.712496
367 0.939043 0.713147
368 0.939043 0.702034
369 0.939043 0.722331
370 0.939043 0.722819
371 0.939043 0.695311
372 0.939043 0.710772
373 0.939043 0.722788
374 0.939251 0.722091
375 0.939251 0.723973
376 0.939251 0.735307
377 0.939251 0.749415
378 0.939251 0.721187
379 0.939251 0.734526
380 0.939251 0.742954
381 0.939251 0.743721
382 0.939251 0.743571
383 0.939251 0.716689
384 0.939251 0.715185
385 0.939251 0.711248
386 0.939251 0.727495
387 0.939267 0.749926
388 0.939267 0.713352
389 0.939269 0.739157
390 0.939269 0.730974
391 0.939269 0.710938
392 0.939269 0.725621
393 0.939269 0.706906
394 0.939269 0.686382
395 0.939269 0.721977
396 0.939269 0.707713
397 0.939269 0.708266
398 0.939269 0.713857
399 0.939363 0.707466
400 0.939363 0.717881
401 0.939363 0.693051
402 0.939363 0.676534
403 0.940074 0.692643
404 0.940074 0.674296
405 0.940074 0.696454
406 0.940074 0.716967
407 0.940074 0.692609
408 0.940074 0.694547
409 0.940074 0.679124
410 0.940074 0.657942
411 0.940074 0.663992
412 0.940074 0.663399
413 0.940074 0.680343
414 0.940914 0.684606
415 0.940914 0.70419
416 0.940914 0.705024
417 0.940914 0.692537
418 0.940914 0.673665
419 0.940914 0.688307
420 0.940914 0.696702
421 0.940914 0.689606
422 0.940914 0.708235
423 0.940914 0.748806
424 0.940914 0.701741
425 0.940914 0.723683
426 0.940914 0.726281
427 0.940914 0.686454
428 0.940914 0.692656
429 0.940914 0.682037
430 0.940914 0.714529
431 0.940914 0.700215
432 0.940914 0.724693
433 0.940914 0.678396
434 0.940914 0.69895
435 0.940914 0.695713
436 0.940914 0.659578
437 0.940914 0.656111
438 0.941051 0.67666
439 0.941051 0.671744
440 0.941051 0.689983
441 0.941061 0.718388
442 0.942469 0.724241
443 0.942469 0.720908
444 0.942469 0.70844
445 0.942469 0.703517
446 0.942469 0.695227
447 0.942469 0.712422
448 0.942469 0.721928
449 0.942469 0.730544
450 0.942469 0.720674
451 0.942469 0.705575
452 0.942495 0.718536
453 0.942495 0.708252
454 0.942495 0.667168
455 0.942495 0.688861
456 0.942495 0.716108
457 0.942495 0.711429
458 0.942495 0.680847
459 0.942495 0.698084
460 0.942495 0.709283
461 0.942495 0.735066
462 0.942495 0.72242
463 0.942495 0.711524
464 0.942495 0.723131
465 0.942495 0.691421
466 0.942495 0.693616
467 0.942495 0.678981
468 0.942495 0.663131
469 0.942495 0.71293
470 0.942495 0.721164
471 0.942495 0.721948
472 0.942495 0.714792
473 0.942495 0.710298
474 0.942789 0.685946
475 0.942789 0.69418
476 0.942789 0.724855
477 0.942789 0.733088
478 0.942789 0.712659
479 0.942789 0.707585
480 0.942789 0.714201
481 0.943041 0.691404
482 0.943041 0.684135
483 0.943041 0.709019
484 0.943041 0.697123
485 0.943041 0.698554
486 0.943041 0.692352
487 0.943041 0.699317
488 0.943041 0.685323
489 0.943041 0.70639
490 0.943041 0.708279
491 0.943041 0.704578
492 0.943041 0.718852
493 0.943041 0.722342
494 0.943074 0.710144
495 0.943134 0.702281
496 0.943134 0.721594
497 0.943134 0.710922
498 0.943134 0.706784
499 0.943134 0.714783
500 0.943134 0.728153
501 0.943305 0.712151
502 0.943305 0.710321
503 0.943305 0.677352
504 0.943305 0.63999
505 0.943305 0.657146
506 0.943305 0.659692
507 0.943305 0.687164
508 0.943305 0.698753
509 0.943305 0.73964
510 0.943305 0.742272
511 0.943322 0.736802
512 0.943322 0.742499
513 0.943322 0.727324
514 0.943322 0.740706
515 0.943322 0.724254
516 0.943858 0.709779
517 0.943858 0.720982
518 0.943858 0.717284
519 0.943858 0.708863
520 0.943858 0.70425
521 0.943858 0.709589
522 0.943858 0.709807
523 0.943858 0.682887
524 0.943858 0.694945
525 0.943858 0.709053
526 0.943858 0.72482
527 0.943858 0.729783
528 0.943905 0.713246
529 0.943905 0.697942
530 0.943905 0.712967
531 0.943905 0.717511
532 0.943905 0.692942
533 0.943905 0.687365
534 0.943905 0.711676
535 0.944041 0.698306
536 0.944041 0.718734
537 0.944041 0.733459
538 0.944041 0.7086
539 0.944041 0.683
540 0.944041 0.678556
541 0.944041 0.649522
542 0.944041 0.625323
543 0.944714 0.634237
544 0.944714 0.642812
545 0.944714 0.638447
546 0.944714 0.659285
547 0.944714 0.662845
548 0.944714 0.646328
549 0.944714 0.677256
550 0.944714 0.665788
551 0.944714 0.681389
552 0.944714 0.672005
553 0.944714 0.640069
554 0.944714 0.656538
555 0.944714 0.632782
556 0.944714 0.609603
557 0.944714 0.636768
558 0.944714 0.668158
559 0.944714 0.687548
560 0.944714 0.68829
561 0.945718 0.686962
562 0.945838 0.715747
563 0.945871 0.714951
564 0.945957 0.703251
565 0.945957 0.718562
566 0.945957 0.705174
567 0.945957 0.687709
568 0.945957 0.665112
569 0.945957 0.659034
570 0.946314 0.673921
571 0.946314 0.703697
572 0.946314 0.693481
573 0.946314 0.709279
574 0.946314 0.697506
575 0.946314 0.685074
576 0.946576 0.663031
577 0.946576 0.686996
578 0.946576 0.72107
579 0.946576 0.721632
580 0.946576 0.732278
581 0.946576 0.738465
582 0.946576 0.727596
583 0.946576 0.708237
584 0.946576 0.720351
585 0.946593 0.689082
586 0.946593 0.704981
587 0.946593 0.710428
588 0.946593 0.668806
589 0.946593 0.658782
590 0.947443 0.651739
591 0.947443 0.663274
592 0.947443 0.68407
593 0.947443 0.656843
594 0.947443 0.681292
595 0.948775 0.69929
596 0.948775 0.689334
597 0.949866 0.672284
598 0.949866 0.645065
599 0.949866 0.648223
600 0.949866 0.615979
601 0.949866 0.605836
602 0.949866 0.610004
603 0.949866 0.62254
604 0.949866 0.624483
605 0.949866 0.605957
606 0.949866 0.62433
607 0.949866 0.636187
608 0.949866 0.629045
609 0.949866 0.639936
610 0.949866 0.664381
611 0.949866 0.676183
612 0.949866 0.683161
613 0.949866 0.681117
614 0.949866 0.658782
615 0.949866 0.627522
616 0.949866 0.657693
617 0.949866 0.641608
618 0.949866 0.660288
619 0.949866 0.644332
620 0.949866 0.66791
621 0.949866 0.658338
622 0.949866 0.681555
623 0.949866 0.664234
624 0.949866 0.664142
625 0.949866 0.662264
626 0.949866 0.678594
627 0.949866 0.646705
628 0.949866 0.667689
629 0.949866 0.649451
630 0.949866 0.616963
631 0.949866 0.646197
632 0.949866 0.648142
633 0.949866 0.633869
634 0.949866 0.627019
635 0.949866 0.649672
636 0.949886 0.676682
637 0.949886 0.673437
638 0.949886 0.645263
639 0.949886 0.662883
640 0.949886 0.668449
641 0.949886 0.659052
642 0.949886 0.635232
643 0.949886 0.660957
644 0.949886 0.678196
645 0.949886 0.68027
646 0.949886 0.682424
647 0.950954 0.687868
648 0.950954 0.69759
649 0.950954 0.708926
650 0.950954 0.687551
651 0.950954 0.667472
652 0.950954 0.68021
653 0.950954 0.691919
654 0.950954 0.678535
655 0.952513 0.654594
656 0.952513 0.657695
657 0.952513 0.678346
658 0.952513 0.67473
659 0.952513 0.667922
660 0.952513 0.653656
661 0.952513 0.664429
662 0.952513 0.665082
663 0.952513 0.652495
664 0.95909 0.647537
665 0.95909 0.634191
666 0.95909 0.621356
667 0.95909 0.628641
668 0.95909 0.603159
669 0.95909 0.633644
670 0.95909 0.627679
671 0.95909 0.661358
672 0.95909 0.640906
673 0.960715 0.627282
674 0.960715 0.597327
675 0.960715 0.609935
676 0.960715 0.583502
677 0.960715 0.580596
678 0.960715 0.561311
679 0.96076 0.582063
680 0.96076 0.566623
681 0.96076 0.611406
682 0.96076 0.623235
683 0.96076 0.614629
684 0.964185 0.57723
685 0.964185 0.614145
686 0.964185 0.606226
687 0.964185 0.60355
688 0.964185 0.6099
689 0.964185 0.59703
690 0.964185 0.606527
691 0.964185 0.627635
692 0.964185 0.663077
693 0.964185 0.621036
694 0.974681 0.660511
695 0.974681 0.63994
696 0.974681 0.641178
697 0.974681 0.624816
698 0.974681 0.614841
699 0.974681 0.620331
700 0.974681 0.610869
701 0.974681 0.62738
702 0.976757 0.623048
703 0.976757 0.61034
704 0.976757 0.628888
705 0.976757 0.589963
706 0.976757 0.598877
707 0.976757 0.555392
708 0.976757 0.576596
709 0.976757 0.586091
710 0.976757 0.605283
711 0.976757 0.624052
712 0.976757 0.622717
713 0.976757 0.614749
714 0.976757 0.629354
715 0.976757 0.601114
716 0.976757 0.604618
717 0.976757 0.58522
718 0.976757 0.592223
719 0.976757 0.597418
720 0.976757 0.584186
721 0.976757 0.606185
722 0.976757 0.617918
723 0.976757 0.637426
724 0.976757 0.667015
725 0.979327 0.644919
726 0.979327 0.62828
727 0.979327 0.617411
728 0.979327 0.596047
729 0.979327 0.594433
730 0.980209 0.598697
731 0.980209 0.608408
732 0.980209 0.609275
733 0.980209 0.613851
734 0.980209 0.619155
735 0.980209 0.588297
736 0.980209 0.608738
737 0.980209 0.594516
738 0.980209 0.581871
739 0.98055 0.56453
740 0.98055 0.621341
741 0.98055 0.625067
742 0.98055 0.60982
743 0.98055 0.622733
744 0.98055 0.611618
745 0.98055 0.618887
746 0.98055 0.642291
747 0.98055 0.64454
748 0.98055 0.642095
749 0.98055 0.649192
750 0.98055 0.644607
751 0.98055 0.62242
752 0.98055 0.604092
753 0.98055 0.621995
754 0.98055 0.641497
755 0.98055 0.641698
756 0.98055 0.628932
757 0.98055 0.618262
758 0.98055 0.653097
759 0.98055 0.694355
760 0.98055 0.67679
761 0.98055 0.6733
762 0.98055 0.641103
763 0.98055 0.652162
764 0.98055 0.632676
765 0.98055 0.629986
766 0.98055 0.598562
767 0.98055 0.623705
768 0.982588 0.631292
769 0.982588 0.614598
770 0.984555 0.638532
771 0.984555 0.658111
772 0.984555 0.660997
773 0.984555 0.626143
774 0.984555 0.617336
775 0.984555 0.631335
776 0.991104 0.637535
776 0.990785 0.63601
777 0.990785 0.633643
778 0.990785 0.614808
779 0.990785 0.656149
780 0.990785 0.662574
781 0.990785 0.631783
782 0.990785 0.627952
783 0.990785 0.634202
784 0.990785 0.663084
785 0.990785 0.666896
786 0.990785 0.665088
787 0.995472 0.681695
788 0.995472 0.670012
789 0.995472 0.679054
790 0.995472 0.681842
791 0.995472 0.681186
792 0.995472 0.663785
793 0.996349 0.666368
794 0.996349 0.63151
795 0.996349 0.619109
796 0.996349 0.58523
797 0.996349 0.592205
798 0.996349 0.609248
799 0.996349 0.585722
800 0.996349 0.577352
801 0.996349 0.576569
802 0.996349 0.561257
803 0.996349 0.567225
804 0.996349 0.596272
805 0.996349 0.557349
806 0.996349 0.546739
807 0.996349 0.528659
808 0.996349 0.560941
809 0.996349 0.577464
810 0.996349 0.562469
811 0.996349 0.533359
812 0.996349 0.580808
813 0.996349 0.604235
814 0.996349 0.561349
815 0.996349 0.558939
816 0.996349 0.563601
817 0.996349 0.588076
818 0.996349 0.590776
819 0.996349 0.548141
820 0.996349 0.578257
821 0.996349 0.601209
822 0.996349 0.599568
823 0.996349 0.593654
824 0.996349 0.585768
825 0.996349 0.579008
826 0.996349 0.581082
827 0.996349 0.586071
828 0.996349 0.587635
829 0.996349 0.593421
830 0.996349 0.588972
831 0.996349 0.576461
832 0.996349 0.598089
833 0.996349 0.583724
834 0.996349 0.591296
835 0.996349 0.573192
836 1 0.578
837 1 0.587161
838 1 0.576336
839 1 0.564678
840 1 0.591542
841 1 0.588322
842 1 0.586548
843 1 0.606163
844 1 0.623516
845 1 0.594537
846 1 0.601736
847 1 0.589305
848 1 0.585398
849 1 0.578455
850 1 0.575517
851 1 0.562808
852 1 0.589121
853 1 0.611932
854 1 0.57936
855 1 0.631379
856 1 0.617236
857 1 0.640781
858 1 0.605268
859 1 0.596234
860 1 0.597757
861 1 0.603089
862 1 0.580089
863 1 0.538402
864 1 0.53183
865 1 0.541651
866 1 0.547248
867 1 0.558555
868 1 0.56802
869 1 0.583236
870 1 0.62183
871 1 0.601248
872 1 0.607103
873 1 0.58501
874 1 0.561815
875 1 0.612717
876 1 0.57896
877 1 0.56631
878 1 0.577416
879 1 0.612991
880 1 0.606486
881 1 0.601788
882 1 0.615199
883 1 0.601341
884 1 0.580455
885 1 0.588886
886 1 0.566904
887 1 0.570797
888 1 0.59141
889 1 0.552083
890 1 0.554796
891 1 0.52733
892 1 0.541045
893 1 0.573747
894 1 0.570335
895 1 0.579776
896 1 0.591738
897 1 0.585853
898 1 0.567919
899 1 0.595224
900 1 0.600982
901 1 0.566844
902 1 0.574759
903 1 0.51987
904 1 0.517481
905 1 0.536719
906 1 0.569154
907 1 0.554338
908 1 0.537931
909 1 0.553593
910 1 0.544941
911 1 0.551735
912 1 0.573743
913 1 0.560263
914 1 0.584595
915 1 0.586455
916 1 0.571354
917 1 0.569278
918 1 0.555958
919 1 0.576013
920 1 0.584789
921 1 0.538663
922 1 0.537772
923 1 0.544907
924 1 0.569963
925 1 0.573034
926 1 0.542389
927 1 0.551508
928 1 0.569065
929 1 0.542995
930 1 0.538582
931 1 0.534596
932 1 0.505057
933 1 0.527332
934 1 0.505644
935 1 0.535599
936 1 0.576947
937 1 0.580835
938 1 0.5809
939 1 0.571007
940 1 0.581404
941 1 0.597877
942 1 0.590723
943 1 0.561888
944 1 0.624864
945 1 0.619932
946 1 0.62878
947 1 0.611595
948 1 0.628215
949 1 0.646426
950 1 0.632127
951 1 0.618462
952 1 0.631725
953 1 0.628525
954 1 0.632123
955 1 0.637604
956 1 0.635516
957 1 0.629605
958 1 0.625571
959 1 0.638379
960 1 0.617233
961 1 0.604627
962 1 0.605522
963 1 0.571029
964 1 0.62715
965 1 0.614711
966 1 0.6426
967 1 0.626828
968 1 0.596604
969 1 0.595355
970 1 0.612217
971 1 0.610411
972 1 0.534524
973 1 0.55942
974 1 0.531072
975 1 0.531713
976 1 0.593882
977 1 0.588351
978 1 0.588195
979 1 0.58927
980 1 0.574999
981 1 0.587356
982 1 0.551237
983 1 0.537929
984 1 0.589454
985 1 0.552134
986 1 0.560683
987 1 0.561783
988 1 0.545104
989 1 0.595812
990 1 0.588438
991 1 0.584899
992 1 0.562746
993 1 0.563611
994 1 0.578479
995 1 0.600984
996 1 0.595724
997 1 0.565695
998 1 0.609565
999 1 0.576471
1000 1 0.585575
