0 0.855388 0.15149
1 0.855388 0.142254
2 0.856177 0.161747
3 0.859538 0.185838
4 0.877108 0.159767
5 0.877151 0.152708
6 0.884619 0.146727
7 0.884619 0.171575
8 0.890631 0.1919
9 0.890631 0.229615
10 0.890631 0.169458
11 0.890631 0.18016
12 0.890631 0.158547
13 0.898461 0.160269
14 0.898461 0.152587
15 0.898461 0.189562
16 0.898461 0.214753
17 0.898461 0.235528
18 0.898475 0.239348
19 0.89893 0.262732
20 0.89893 0.242282
21 0.89893 0.237535
22 0.89893 0.238958
23 0.89893 0.203197
24 0.89893 0.195063
25 0.89893 0.212302
26 0.89893 0.222902
27 0.89893 0.237719
28 0.89893 0.21495
29 0.89893 0.210112
30 0.89893 0.216267
31 0.89893 0.203675
32 0.89893 0.220141
33 0.89893 0.223082
34 0.89893 0.240234
35 0.89893 0.240905
36 0.89893 0.211782
37 0.89893 0.229503
38 0.89893 0.221784
39 0.89893 0.226312
40 0.89893 0.221933
41 0.89893 0.204267
42 0.89893 0.23341
43 0.89893 0.261392
44 0.89893 0.265852
45 0.89893 0.262858
46 0.89893 0.276734
47 0.89893 0.336037
48 0.89893 0.356838
49 0.89893 0.341755
50 0.89893 0.338258
51 0.89893 0.327553
52 0.89893 0.355032
53 0.89893 0.355621
54 0.89893 0.360257
55 0.89893 0.392181
56 0.89893 0.40621
57 0.89893 0.459437
58 0.89893 0.418161
59 0.89893 0.40542
60 0.898972 0.418876
61 0.898972 0.433069
62 0.898972 0.448468
63 0.898972 0.458979
64 0.898972 0.451408
65 0.898972 0.472429
66 0.898972 0.479844
67 0.898972 0.484393
68 0.898972 0.490012
69 0.898972 0.527756
70 0.898972 0.494299
71 0.898972 0.498308
72 0.899203 0.495533
73 0.899349 0.529966
74 0.899349 0.52096
75 0.899349 0.532585
76 0.899349 0.523708
77 0.899349 0.526424
78 0.899349 0.502398
79 0.899349 0.535971
80 0.899349 0.569248
81 0.899349 0.615122
82 0.899349 0.595883
83 0.899349 0.647933
84 0.899349 0.653954
85 0.899349 0.635535
86 0.899349 0.667722
87 0.899349 0.653271
88 0.899349 0.647301
89 0.899349 0.646394
90 0.899349 0.647469
91 0.899349 0.652115
92 0.899349 0.674117
93 0.899349 0.632968
94 0.899349 0.637691
95 0.899349 0.632855
96 0.899349 0.677719
97 0.899349 0.69352
98 0.899349 0.695288
99 0.899349 0.694177
100 0.899349 0.68111
101 0.899349 0.687825
102 0.899349 0.665453
103 0.899349 0.679817
104 0.899349 0.643179
105 0.899349 0.602284
106 0.899349 0.614807
107 0.899349 0.665325
108 0.899349 0.664726
109 0.899349 0.679717
110 0.899371 0.648536
111 0.899645 0.638522
112 0.899645 0.641242
113 0.899645 0.649161
114 0.899645 0.663427
115 0.899645 0.706058
116 0.899645 0.660188
117 0.899645 0.643692
118 0.899645 0.619151
119 0.899645 0.618649
120 0.899645 0.626069
121 0.899645 0.635829
122 0.899779 0.654202
123 0.899779 0.641279
124 0.899779 0.640587
125 0.899779 0.6334
126 0.899779 0.629793
127 0.899779 0.617736
128 0.899779 0.672623
129 0.899779 0.625884
130 0.899779 0.646345
131 0.899779 0.6115
132 0.899779 0.686484
133 0.899779 0.610107
134 0.899779 0.651819
135 0.899779 0.648134
136 0.899779 0.629882
137 0.899779 0.61509
138 0.899779 0.627644
139 0.899779 0.643838
140 0.899779 0.665703
141 0.899779 0.619845
142 0.899779 0.606921
143 0.899779 0.616537
144 0.899779 0.629704
145 0.899779 0.63473
146 0.899779 0.642365
147 0.899779 0.648079
148 0.899779 0.641214
149 0.899779 0.62875
150 0.899779 0.626798
151 0.899779 0.60378
152 0.899779 0.630927
153 0.899779 0.591538
154 0.899779 0.608734
155 0.899779 0.599275
156 0.899779 0.618038
157 0.899779 0.618056
158 0.899779 0.605446
159 0.899779 0.598931
160 0.899779 0.615485
161 0.899779 0.581224
162 0.899779 0.603596
163 0.899779 0.599514
164 0.899779 0.598624
165 0.899779 0.61375
166 0.899779 0.602574
167 0.899779 0.634345
168 0.899779 0.635658
169 0.899779 0.620378
170 0.899779 0.630889
171 0.899814 0.612752
172 0.899814 0.683396
173 0.899814 0.663982
174 0.899814 0.671659
175 0.908931 0.681519
176 0.915065 0.67201
177 0.915065 0.668221
178 0.915065 0.667312
179 1 0.626624
179 0.256899 0.202413
180 0.567187 0.209279
181 0.567187 0.218449
182 0.567187 0.223904
183 0.567187 0.228245
184 0.567187 0.231636
185 0.567187 0.237229
186 0.567187 0.251188
187 0.574943 0.256022
188 0.574943 0.257216
189 0.574943 0.247321
190 0.574943 0.254344
191 0.574943 0.265168
192 0.574943 0.252378
193 0.574943 0.262147
194 0.574943 0.272114
195 0.574943 0.278537
196 0.574943 0.283756
197 0.574943 0.289366
198 0.574943 0.294437
199 0.574943 0.293711
200 0.574943 0.303878
201 0.574943 0.302516
202 0.574943 0.337508
203 0.574943 0.341112
204 0.574943 0.352405
205 0.574943 0.340176
206 0.574943 0.34068
207 0.574943 0.344453
208 0.575002 0.356444
209 0.575002 0.358692
210 0.575002 0.361357
211 0.575002 0.349349
212 0.575002 0.34974
213 0.575002 0.369471
214 0.575002 0.36615
215 0.575002 0.391425
216 0.575002 0.389705
217 0.575002 0.404045
218 0.575002 0.402906
219 0.575002 0.400565
220 0.575002 0.384164
221 0.575002 0.424217
222 0.575002 0.406145
223 0.575002 0.413076
224 0.575002 0.421591
225 0.575002 0.409555
226 0.575002 0.416515
227 0.575002 0.426115
228 0.575002 0.425019
229 0.575002 0.42688
230 0.575002 0.427624
231 0.575002 0.43792
232 0.575002 0.43854
233 0.575002 0.448453
234 0.575002 0.448748
235 0.575002 0.445477
236 0.575002 0.455591
237 0.575002 0.470605
238 0.575002 0.452642
239 0.575002 0.438767
240 0.575002 0.46364
241 0.575002 0.468305
242 0.575002 0.470757
243 0.575002 0.461879
244 0.575002 0.453165
245 0.575002 0.466594
246 0.575002 0.472967
247 0.575002 0.478975
248 0.575002 0.489044
249 0.575002 0.473048
250 0.575002 0.465789
251 0.575002 0.473385
252 0.575002 0.491894
253 0.575002 0.494083
254 0.575002 0.483129
255 0.575002 0.473668
256 0.575002 0.466446
257 0.575002 0.466983
258 0.575002 0.464993
259 0.575002 0.46234
260 0.575002 0.453818
261 0.575002 0.452962
262 0.575002 0.470684
263 0.575002 0.445875
264 0.575002 0.476613
265 0.575002 0.482093
266 0.575002 0.493193
267 0.575002 0.473672
268 0.575002 0.468016
269 0.575002 0.481081
270 0.575002 0.486926
271 0.575002 0.46279
272 0.575031 0.482422
273 0.575031 0.476424
274 0.575031 0.468915
275 0.575031 0.483396
276 0.575031 0.493455
277 0.575031 0.471218
278 0.575031 0.452922
279 0.575102 0.49172
280 0.575102 0.471006
281 0.575102 0.456177
282 0.575102 0.432402
283 0.575102 0.442987
284 0.575102 0.443638
285 0.575102 0.43622
286 0.575102 0.433928
287 0.575102 0.437384
288 0.575102 0.447756
289 0.575102 0.429629
290 0.575102 0.412053
291 0.575102 0.419256
292 0.575102 0.422871
293 0.575102 0.418247
294 0.575102 0.402801
295 0.575102 0.426014
296 0.575102 0.42237
297 0.575102 0.426954
298 0.575102 0.408526
299 0.575102 0.400565
300 0.575102 0.410816
301 0.575102 0.409923
302 0.575102 0.397389
303 0.575102 0.429604
304 0.575102 0.42874
305 0.575102 0.425146
306 0.575102 0.445979
307 0.575102 0.443475
308 0.575687 0.443778
309 0.575687 0.446647
310 0.575687 0.478993
311 0.575687 0.471285
312 0.575687 0.468865
313 0.575687 0.445302
314 0.575687 0.458384
315 0.575687 0.454068
316 0.575687 0.450205
317 0.575687 0.472974
318 0.575687 0.454176
319 0.575687 0.448453
320 0.575687 0.445942
321 0.575687 0.456955
322 0.575687 0.44526
323 0.575687 0.446002
324 0.575687 0.42731
325 0.575687 0.434254
326 0.575687 0.449473
327 0.575687 0.455858
328 0.575687 0.451905
329 0.575687 0.469569
330 0.575687 0.46046
331 0.575687 0.439338
332 0.575687 0.452159
333 0.575687 0.450598
334 0.576614 0.461191
335 0.576614 0.451222
336 0.576614 0.436084
337 0.576614 0.421011
338 0.576614 0.427809
339 0.576614 0.420162
340 0.576614 0.410923
341 0.576614 0.431795
342 0.576614 0.42014
343 0.576614 0.427135
344 0.576614 0.429796
345 0.576614 0.417425
346 0.576614 0.434479
347 0.576614 0.430127
348 0.576614 0.40602
349 0.576614 0.400427
350 0.576614 0.401079
351 0.576614 0.399065
352 0.576614 0.386865
353 0.576614 0.387081
354 0.576614 0.401973
355 0.576614 0.381613
356 0.576614 0.389473
357 0.576614 0.396914
358 0.576614 0.385904
359 0.576614 0.407155
360 0.576614 0.397798
361 0.576614 0.384357
362 0.576614 0.382072
363 0.576614 0.394126
364 0.576614 0.370336
365 0.576614 0.342656
366 0.576614 0.35557
367 0.576614 0.374505
368 0.577851 0.387674
369 0.577851 0.379377
370 0.577851 0.390394
371 0.577851 0.382019
372 0.577851 0.365469
373 0.577851 0.374889
374 0.577851 0.356425
375 0.577851 0.353079
376 0.577851 0.383194
377 0.577851 0.396886
378 0.577851 0.388187
379 0.577851 0.395189
380 0.577851 0.392168
381 0.592693 0.358916
382 0.592693 0.354191
383 0.592693 0.367206
384 0.592693 0.364453
385 0.592693 0.377072
386 0.592693 0.376366
387 0.592693 0.370343
388 0.592693 0.368933
389 0.592693 0.381953
390 0.592693 0.384931
391 0.592693 0.383515
392 0.592693 0.385919
393 0.592693 0.400283
394 0.592693 0.407812
395 0.592693 0.39636
396 0.592693 0.416888
397 0.592693 0.399257
398 0.592693 0.394276
399 0.592693 0.425307
400 0.592693 0.426822
401 0.592693 0.439238
402 0.592693 0.437354
403 0.592693 0.440741
404 0.592693 0.432373
405 0.592693 0.421961
406 0.592693 0.427383
407 0.592693 0.421663
408 0.592693 0.434647
409 0.592693 0.446138
410 0.592693 0.445568
411 0.592693 0.438531
412 0.592693 0.434645
413 0.592693 0.422446
414 0.592693 0.426175
415 0.592693 0.41307
416 0.592693 0.421982
417 0.592693 0.425366
418 0.592693 0.412903
419 0.592693 0.411074
420 0.592693 0.394567
421 0.592693 0.404917
422 0.592693 0.40241
423 0.592693 0.390117
424 0.593302 0.393628
425 0.593302 0.406936
426 0.593302 0.410505
427 0.593302 0.400874
428 0.593302 0.384991
429 0.593302 0.378221
430 0.593302 0.37341
431 0.593302 0.374124
432 0.593302 0.392487
433 0.593302 0.40084
434 0.593302 0.406795
435 0.593302 0.414069
436 0.593302 0.386347
437 0.593302 0.380133
438 0.593302 0.380042
439 0.593302 0.376565
440 0.593302 0.361968
441 0.593302 0.388273
442 0.593302 0.34608
443 0.593302 0.346959
444 0.593302 0.358375
445 0.593302 0.364311
446 0.593302 0.382534
447 0.593302 0.36071
448 0.593302 0.351435
449 0.593302 0.344685
450 0.593302 0.360448
451 0.593302 0.370106
452 0.593302 0.369751
453 0.593302 0.368396
454 0.593302 0.358267
455 0.593302 0.373166
456 0.593302 0.363144
457 0.593302 0.380854
458 0.593302 0.390522
459 0.612633 0.378661
460 0.612633 0.372005
461 0.627148 0.375175
462 0.627148 0.36479
463 0.627148 0.380259
464 0.714155 0.378115
465 0.714155 0.373743
466 0.714155 0.385402
467 0.799172 0.38205
468 0.799172 0.412225
469 0.799172 0.399385
470 0.841342 0.394996
471 0.841342 0.415682
472 0.841342 0.409038
473 0.853924 0.43643
474 0.853924 0.428213
475 0.853924 0.429589
476 0.853924 0.426201
477 0.853924 0.437059
478 0.853924 0.431942
479 0.853924 0.4347
480 0.853924 0.436953
481 0.853924 0.44525
482 0.853924 0.451749
483 0.853924 0.460153
484 0.853924 0.44465
485 0.853924 0.443618
486 0.853924 0.459069
487 0.853924 0.460535
488 0.853924 0.45967
489 0.859225 0.467965
490 0.859225 0.453011
491 0.859225 0.456088
492 0.859225 0.471313
493 0.859225 0.461355
494 0.859225 0.450017
495 0.859225 0.444476
496 0.859225 0.435175
497 0.859225 0.439588
498 0.859225 0.46306
499 0.859225 0.440197
500 0.859225 0.45506
501 0.859225 0.469649
502 0.859225 0.49307
503 0.859225 0.485314
504 0.859225 0.492809
505 0.859225 0.474874
506 0.859225 0.464852
507 0.859225 0.458803
508 0.859225 0.450775
509 0.859225 0.457704
510 0.859225 0.452317
511 0.859225 0.471369
512 0.859225 0.495632
513 0.859225 0.496349
514 0.859225 0.51291
515 0.859225 0.504055
516 0.859225 0.475608
517 0.859225 0.466574
518 0.859225 0.482923
519 0.859225 0.505759
520 0.859225 0.511572
521 0.859225 0.539065
522 0.859225 0.522079
523 0.859225 0.514008
524 0.859225 0.501727
525 0.859225 0.496866
526 0.859225 0.502433
527 0.859225 0.526428
528 0.859225 0.553581
529 0.859225 0.548824
530 0.859225 0.551889
531 0.859225 0.575895
532 0.859225 0.548989
533 0.859225 0.536719
534 0.859225 0.527526
535 0.859225 0.541649
536 0.859225 0.543263
537 0.859225 0.53033
538 0.859225 0.548635
539 0.859225 0.523828
540 0.859225 0.521065
541 0.859225 0.532425
542 0.859225 0.510684
543 0.859225 0.508281
544 0.859225 0.522321
545 0.859225 0.493848
546 0.859225 0.495307
547 0.859225 0.519743
548 0.859225 0.525743
549 0.859225 0.534692
550 0.859225 0.525335
551 0.859225 0.509298
552 0.859225 0.519132
553 0.859225 0.525379
554 0.859225 0.521807
555 0.859225 0.505003
556 0.859225 0.532183
557 0.859225 0.517863
558 0.859225 0.526925
559 0.859225 0.518724
560 0.859225 0.515392
561 0.859225 0.557576
562 0.859225 0.548345
563 0.865516 0.548836
564 0.865516 0.527638
565 0.865516 0.567829
566 0.865516 0.54384
567 0.865516 0.545981
568 0.865516 0.576519
569 0.865516 0.575902
570 0.865516 0.585525
571 0.865516 0.581781
572 0.865516 0.5489
573 0.865516 0.555943
574 0.865516 0.517919
575 0.865516 0.515372
576 0.865516 0.522272
577 0.865516 0.52906
578 0.865516 0.540821
579 0.865516 0.549825
580 0.865516 0.512817
581 0.865516 0.494027
582 0.865516 0.520265
583 0.865516 0.515399
584 0.865516 0.519056
585 0.865516 0.527356
586 0.865516 0.554297
587 0.865516 0.537061
588 0.865516 0.512917
589 0.865516 0.534869
590 0.865516 0.512368
591 0.865516 0.524721
592 0.865516 0.50671
593 0.865516 0.50038
594 0.865516 0.50655
595 0.865516 0.516701
596 0.865516 0.542426
597 0.865516 0.533062
598 0.865516 0.547968
599 0.865516 0.569635
600 0.865516 0.519528
601 0.865516 0.565312
602 0.865516 0.535248
603 0.865516 0.537529
604 0.865516 0.54544
605 0.865516 0.546084
606 0.865516 0.544122
607 0.865516 0.581548
608 0.865516 0.564776
609 0.865516 0.577256
610 0.865516 0.592749
611 0.865516 0.577505
612 0.865516 0.534573
613 0.865516 0.535817
614 0.865516 0.550263
615 0.865516 0.500373
616 0.865516 0.499183
617 0.865516 0.527969
618 0.865516 0.554943
619 0.865516 0.519465
620 0.865516 0.54436
621 0.865516 0.550875
622 0.865516 0.554656
623 0.865516 0.570992
624 0.865516 0.547269
625 0.865516 0.514958
626 0.865516 0.542238
627 0.865516 0.542446
628 0.865516 0.516749
629 0.865516 0.523714
630 0.865516 0.522562
631 0.865516 0.528428
632 0.865516 0.538958
633 0.865516 0.544147
634 0.865516 0.551584
635 0.865516 0.531896
636 0.865516 0.516565
637 0.865516 0.523021
638 0.865516 0.535919
639 0.865516 0.526721
640 0.865516 0.550716
641 0.865516 0.552918
642 0.865516 0.562914
643 0.865516 0.525274
644 0.865516 0.542248
645 0.865516 0.546097
646 0.865516 0.552602
647 0.865516 0.513016
648 0.865516 0.534921
649 0.865516 0.544027
650 0.865516 0.550313
651 0.865516 0.532967
652 0.865516 0.549995
653 0.865516 0.534518
654 0.865516 0.553384
655 0.865516 0.56391
656 0.865516 0.561732
657 0.865516 0.587627
658 0.865516 0.607342
659 0.865516 0.609516
660 0.865516 0.587355
661 0.865516 0.552733
662 0.865516 0.57183
663 0.865516 0.576102
664 0.865516 0.566985
665 0.865516 0.564147
666 0.865516 0.571768
667 0.865516 0.575587
668 0.865516 0.578422
669 0.865516 0.575162
670 0.865516 0.546581
671 0.865516 0.552341
672 0.865516 0.560522
673 0.865516 0.555144
674 0.865516 0.575201
675 0.865516 0.556762
676 0.865516 0.55778
677 0.865516 0.558558
678 0.865516 0.561238
679 0.865516 0.547652
680 0.865516 0.555872
681 0.865516 0.539549
682 0.865516 0.547164
683 0.865516 0.526481
684 0.865516 0.519238
685 0.865516 0.506229
686 0.865516 0.541446
687 0.865516 0.499997
688 0.865516 0.497341
689 0.866419 0.494736
690 0.866419 0.488074
691 0.866419 0.472019
692 0.866419 0.454736
693 0.866419 0.476755
694 0.866419 0.488636
695 0.866419 0.489076
696 0.866419 0.497294
697 0.866419 0.52747
698 0.866419 0.519411
699 0.866419 0.514844
700 0.866419 0.490519
701 0.866419 0.504154
702 0.867462 0.503531
703 0.867462 0.528297
704 0.867462 0.514524
705 0.867462 0.517862
706 0.867462 0.520437
707 0.867462 0.522956
708 0.867462 0.533654
709 0.867462 0.522187
710 0.867462 0.530208
711 0.867462 0.513201
712 0.867462 0.538829
713 0.867462 0.524859
714 0.867462 0.540053
715 0.867462 0.533304
716 0.867462 0.54846
717 0.867462 0.558726
718 0.867462 0.541389
719 0.867462 0.545567
720 0.867462 0.552621
721 0.867462 0.550405
722 0.867462 0.532677
723 0.867462 0.536443
724 0.867462 0.563432
725 0.867462 0.555742
726 0.867462 0.532669
727 0.867462 0.572717
728 0.867462 0.565139
729 0.867462 0.542499
730 0.867462 0.547786
731 0.867462 0.552041
732 0.867462 0.5348
733 0.867462 0.542102
734 0.867462 0.555454
735 0.867462 0.543602
736 0.867462 0.52424
737 0.867462 0.545279
738 0.867462 0.560964
739 0.867462 0.552604
740 0.867462 0.554745
741 0.867462 0.554675
742 0.867462 0.536583
743 0.867462 0.543316
744 0.867462 0.539446
745 0.867462 0.521105
746 0.867462 0.547628
747 0.867462 0.543537
748 0.867462 0.552978
749 0.867462 0.536534
750 0.867462 0.577285
751 0.867462 0.556129
752 0.871837 0.543843
753 0.871837 0.54457
754 0.871837 0.566323
755 0.871837 0.567009
756 0.871837 0.586211
757 0.871837 0.580703
758 0.871837 0.565874
759 0.871837 0.56704
760 0.871837 0.554799
761 0.871837 0.565412
762 0.871837 0.562421
763 0.871837 0.596318
764 0.871837 0.599961
765 0.871837 0.56861
766 0.871837 0.55947
767 0.871837 0.563198
768 0.871837 0.579073
769 0.871837 0.59118
770 0.871837 0.586558
771 0.871837 0.593671
772 0.871837 0.567755
773 0.871837 0.566006
774 0.871837 0.567156
775 0.871837 0.547865
776 0.871837 0.549197
777 0.871837 0.558424
778 0.871837 0.522649
779 0.871837 0.539656
780 0.871837 0.537429
781 0.871837 0.543062
782 0.871837 0.534804
783 0.871837 0.538644
784 0.871837 0.557409
785 0.871837 0.536675
786 0.871837 0.508222
787 0.871837 0.505273
788 0.871837 0.526508
789 0.871837 0.548302
790 0.871837 0.530345
791 0.872478 0.515406
792 0.872478 0.532649
793 0.872478 0.520132
794 0.872478 0.511827
795 0.872478 0.516521
796 0.872478 0.514321
797 0.872478 0.502728
798 0.872478 0.501122
799 0.872478 0.530097
800 0.872478 0.531853
801 0.872478 0.520022
802 0.872478 0.540935
803 0.872478 0.53933
804 0.872478 0.543452
805 0.872478 0.533687
806 0.872478 0.55204
807 0.872478 0.522235
808 0.872478 0.534468
809 0.872478 0.536706
810 0.872478 0.539478
811 0.872478 0.524032
812 0.872478 0.484647
813 0.872478 0.517197
814 0.872478 0.512932
815 0.872478 0.50996
816 0.872478 0.519157
817 0.872478 0.470657
818 0.872478 0.475419
819 0.872478 0.499148
820 0.872478 0.515162
821 0.905766 0.538234
822 0.905766 0.514499
823 0.905766 0.529896
824 0.905766 0.553548
825 0.905766 0.529706
826 0.905766 0.531522
827 0.905766 0.541995
828 0.905766 0.522649
829 0.905766 0.514383
830 0.905766 0.515753
831 0.905766 0.524638
832 0.905766 0.531809
833 0.905766 0.523862
834 0.905766 0.522185
835 0.905766 0.519899
836 0.905766 0.55919
837 0.905766 0.556117
838 0.905766 0.520261
839 0.905766 0.510116
840 0.905766 0.502672
841 0.905766 0.496872
842 0.905766 0.511481
843 0.905766 0.488019
844 0.905766 0.50656
845 0.905766 0.502883
846 0.905766 0.495415
847 0.905766 0.511841
848 0.905766 0.517011
849 0.905766 0.522391
850 0.905766 0.50748
851 0.905766 0.511265
852 0.905766 0.506231
853 0.905766 0.476621
854 0.905766 0.477899
855 0.905766 0.493706
856 0.905766 0.492193
857 0.905766 0.506953
858 0.905766 0.485846
859 0.905766 0.48732
860 0.905766 0.481464
861 0.905766 0.496206
862 0.905766 0.506237
863 0.905766 0.496362
864 0.905766 0.488289
865 0.905766 0.501063
866 0.905766 0.495825
867 0.905766 0.496397
868 0.905766 0.481656
869 0.905766 0.472819
870 0.905766 0.491325
871 0.905766 0.503964
872 0.905766 0.502551
873 0.905766 0.538852
874 0.905766 0.508787
875 0.905766 0.502843
876 0.905766 0.508483
877 0.905766 0.505676
878 0.905766 0.501619
879 0.905766 0.487094
880 0.905766 0.51656
881 0.905766 0.516131
882 0.905766 0.511728
883 0.905766 0.524585
884 0.905766 0.533473
885 0.905766 0.501029
886 0.905766 0.519599
887 0.905766 0.517768
888 0.905766 0.515097
889 0.905766 0.507565
890 0.905766 0.520647
891 0.905766 0.530053
892 0.905766 0.502648
893 0.905766 0.505976
894 0.905766 0.511068
895 0.905766 0.506513
896 0.905766 0.500892
897 0.905766 0.487384
898 0.905766 0.492252
899 0.905766 0.48143
900 0.905766 0.485742
901 0.905766 0.488187
902 0.905766 0.472897
903 0.905766 0.501609
904 0.905766 0.490027
905 0.905766 0.497594
906 0.905766 0.500313
907 0.905766 0.500088
908 0.905766 0.514919
909 0.905766 0.497492
910 0.905766 0.48553
911 0.905766 0.454135
912 0.905766 0.479808
913 0.905766 0.517552
914 0.905766 0.500741
915 0.905766 0.505421
916 0.905766 0.519103
917 0.905766 0.520081
918 0.905766 0.508907
919 0.905766 0.527988
920 0.905766 0.512256
921 0.905766 0.510048
922 0.905766 0.475415
923 0.905766 0.482567
924 0.905766 0.476241
925 0.905766 0.456245
926 0.905766 0.485968
927 0.905766 0.470683
928 0.905766 0.491187
929 0.905766 0.506346
930 0.905766 0.482907
931 0.905766 0.48092
932 0.905766 0.47909
933 0.905766 0.514983
934 0.905766 0.533537
935 0.905766 0.508793
936 0.905766 0.494418
937 0.905766 0.527479
938 0.905766 0.502169
939 0.905766 0.496146
940 0.905766 0.504083
941 0.905766 0.487451
942 0.905766 0.514151
943 0.905766 0.531079
944 0.905766 0.531991
945 0.905766 0.52875
946 0.905766 0.526662
947 0.905766 0.505326
948 0.905766 0.493589
949 0.905766 0.49491
950 0.905766 0.479028
951 0.905766 0.483244
952 0.905766 0.502171
953 0.905766 0.501297
954 0.905766 0.517375
955 0.905766 0.500274
956 0.905766 0.487863
957 0.905766 0.503
958 0.905766 0.520629
959 0.905766 0.512624
960 0.905766 0.503519
961 0.905766 0.527421
962 0.905766 0.515252
963 0.905766 0.539743
964 0.905766 0.522089
965 0.905766 0.547021
966 0.905766 0.520565
967 0.905766 0.531892
968 0.905766 0.525478
969 0.905766 0.512916
970 0.905766 0.497575
971 0.905766 0.514367
972 0.905766 0.535025
973 0.905766 0.526232
974 0.905766 0.519353
975 0.905766 0.51108
976 0.905766 0.527868
977 0.905766 0.498019
978 0.905766 0.509203
979 0.905766 0.519961
980 0.905766 0.534604
981 0.905766 0.554956
982 0.905766 0.542398
983 0.905766 0.551151
984 0.905766 0.530808
985 0.905766 0.510092
986 0.905766 0.507141
987 0.905766 0.505937
988 0.905766 0.497737
989 0.905766 0.504649
990 0.905766 0.532384
991 0.905766 0.531425
992 0.905766 0.531306
993 0.905766 0.536957
994 0.905766 0.523219
995 0.905766 0.471359
996 0.905766 0.511924
997 0.905766 0.499939
998 0.905766 0.511216
999 0.905766 0.514005
1000 0.905766 0.504803
1000 0.878812 0.503114
