0 0.856713 0.145152
1 0.856713 0.168734
2 0.856999 0.204747
3 0.856999 0.206307
4 0.858929 0.19593
5 0.858929 0.174962
6 0.858929 0.164037
7 0.858929 0.17808
8 0.858929 0.199016
9 0.858929 0.269291
10 0.858929 0.216046
11 0.858955 0.224567
12 0.859004 0.213098
13 0.859309 0.240793
14 0.859309 0.261581
15 0.859309 0.269459
16 0.859309 0.27902
17 0.861298 0.308483
18 0.861298 0.308838
19 0.861298 0.330437
20 0.861496 0.37907
21 0.861496 0.399083
22 0.861955 0.393811
23 0.861955 0.379058
24 0.861957 0.379967
25 0.862194 0.378581
26 0.862194 0.375975
27 0.862194 0.389892
28 0.862194 0.410758
29 0.862194 0.426556
30 0.873669 0.457485
31 0.873669 0.457033
32 0.873669 0.471272
33 0.873669 0.449476
34 0.873669 0.482659
35 0.873669 0.481266
36 0.873669 0.492201
37 0.873669 0.492253
38 0.873669 0.517572
39 0.873669 0.566451
40 0.873669 0.605852
41 0.873669 0.579416
42 0.873669 0.584509
43 0.900903 0.610488
44 0.900903 0.652541
45 0.900903 0.701021
46 0.900903 0.678914
47 0.900903 0.703719
48 0.900903 0.69704
49 0.900903 0.709333
50 0.901762 0.732763
51 0.901762 0.702656
52 0.901762 0.677584
53 0.901762 0.661242
54 0.902576 0.65119
55 0.902576 0.644031
56 0.902576 0.652854
57 0.905476 0.658137
58 0.905476 0.63518
59 0.905476 0.623411
60 0.905476 0.629108
61 0.936278 0.627512
62 0.936278 0.62217
63 0.936278 0.606687
64 0.938316 0.593682
65 0.941022 0.617047
66 0.941022 0.639624
67 0.941022 0.628373
68 0.941022 0.638688
69 0.941022 0.594117
70 0.941022 0.650358
71 0.941022 0.618286
72 0.941022 0.64884
73 0.941022 0.596033
74 0.94124 0.619199
75 0.94124 0.632997
76 0.94124 0.638753
77 0.94124 0.632835
78 0.942279 0.650455
79 0.954977 0.644793
80 0.954977 0.659297
81 0.957055 0.640692
82 0.957055 0.597833
83 0.957055 0.574915
84 0.957055 0.600143
85 0.957055 0.598114
86 0.973924 0.620708
87 0.973924 0.587045
88 0.973924 0.5589
89 0.973924 0.59394
90 0.973924 0.572027
91 0.986731 0.603558
92 0.986731 0.643361
93 0.986731 0.628257
94 1 0.627617
94 0.810188 0.347173
95 0.861247 0.338067
96 0.861247 0.33897
97 0.861247 0.336859
98 0.861247 0.337027
99 0.861247 0.345468
100 0.861247 0.364289
101 0.861411 0.384663
102 0.861411 0.384647
103 0.861411 0.386434
104 0.861411 0.4095
105 0.861411 0.376262
106 0.861411 0.375865
107 0.861411 0.399479
108 0.861411 0.413416
109 0.861411 0.416333
110 0.861411 0.41905
111 0.861411 0.450229
112 0.861411 0.450779
113 0.861411 0.482395
114 0.861411 0.489275
115 0.861411 0.46672
116 0.861411 0.48154
117 0.861411 0.520849
118 0.861411 0.545699
119 0.861411 0.539612
120 0.861411 0.541941
121 0.861411 0.54788
122 0.861411 0.571249
123 0.861411 0.54824
124 0.861411 0.545493
125 0.861411 0.53247
126 0.861411 0.551606
127 0.861411 0.570652
128 0.861411 0.56676
129 0.861411 0.595605
130 0.861411 0.600552
131 0.861411 0.628987
132 0.861411 0.651279
133 0.861411 0.623317
134 0.861411 0.635834
135 0.861411 0.647083
136 0.861411 0.65177
137 0.861429 0.64946
138 0.861429 0.677042
139 0.864451 0.67684
140 0.864451 0.658476
141 0.867377 0.679676
142 0.867377 0.689508
143 0.867377 0.688787
144 0.867377 0.673166
145 0.867377 0.670916
146 0.867909 0.676703
147 0.867909 0.662846
148 0.867909 0.693831
149 0.867909 0.680486
150 0.870749 0.684408
151 0.870749 0.671778
152 0.870749 0.670637
153 0.870749 0.647228
154 0.870749 0.664294
155 0.870749 0.660838
156 0.870749 0.673294
157 0.870749 0.684612
158 0.870749 0.691179
159 0.870749 0.691697
160 0.870749 0.662479
161 0.891518 0.667502
162 0.891898 0.640456
163 0.891898 0.687637
164 0.891898 0.670283
165 0.891898 0.662929
166 0.891898 0.671011
167 0.891898 0.69002
168 0.891898 0.697111
169 0.891898 0.67251
170 0.891898 0.666765
171 0.891898 0.678332
172 0.891898 0.658821
173 0.891898 0.657003
174 0.891898 0.649042
175 0.891898 0.642745
176 0.891898 0.629207
177 0.891907 0.649781
178 0.891907 0.664407
179 0.892571 0.683574
180 0.892571 0.655899
181 0.892571 0.669252
182 0.892571 0.649921
183 0.892571 0.662914
184 0.892571 0.672928
185 0.892571 0.66447
186 0.894187 0.667833
187 0.894187 0.677173
188 0.894187 0.67158
189 0.894187 0.65895
190 0.894187 0.640732
191 0.894187 0.653478
192 0.894187 0.678775
193 0.894187 0.656397
194 0.894187 0.663388
195 0.894187 0.647413
196 0.894187 0.648948
197 0.894187 0.649839
198 0.897604 0.634863
199 0.897604 0.654862
200 0.897604 0.650513
201 0.897604 0.672543
202 0.897604 0.681613
203 0.897604 0.651735
204 0.897604 0.658319
205 0.897604 0.659298
206 0.897604 0.697714
207 0.897604 0.666243
208 0.897604 0.647145
209 0.897604 0.661022
210 0.897604 0.658314
211 0.897604 0.662085
212 0.897604 0.675175
213 0.897604 0.668198
214 0.897604 0.631687
215 0.897604 0.653243
216 0.897604 0.663914
217 0.897604 0.686568
218 0.897604 0.696444
219 0.897604 0.67331
220 0.897604 0.68459
221 0.897604 0.643325
222 0.897604 0.676668
223 0.897604 0.67402
224 0.897604 0.647404
225 0.897604 0.689085
226 0.897604 0.682691
227 0.897604 0.682859
228 0.897604 0.698428
229 0.903434 0.70486
230 0.903434 0.69158
231 0.903434 0.712376
232 0.903434 0.69077
233 0.903434 0.682144
234 0.903434 0.682706
235 0.903434 0.717054
236 0.903434 0.701204
237 0.903434 0.701805
238 0.903434 0.709667
239 0.903434 0.701142
240 0.903434 0.705926
241 0.903434 0.706425
242 0.903434 0.693491
243 0.903434 0.678075
244 0.903434 0.670869
245 0.903434 0.655906
246 0.903434 0.680964
247 0.903434 0.673006
248 0.903434 0.661377
249 0.903434 0.691079
250 0.903434 0.673015
251 0.903434 0.682038
252 0.903434 0.669774
253 0.903434 0.670437
254 0.903434 0.675858
255 0.903434 0.678088
256 0.903434 0.675271
257 0.903434 0.673769
258 0.903434 0.685568
259 0.903434 0.657059
260 0.903434 0.661216
261 0.903434 0.684461
262 0.903434 0.680258
263 0.903434 0.667374
264 0.903434 0.699074
265 0.903434 0.703978
266 0.903434 0.714317
267 0.903434 0.717734
268 0.903434 0.699242
269 0.903434 0.697814
270 0.903434 0.713353
271 0.903434 0.710209
272 0.903434 0.709114
273 0.903434 0.69115
274 0.903434 0.668694
275 0.903434 0.684082
276 0.903434 0.691158
277 0.903434 0.713465
278 0.903434 0.709506
279 0.903434 0.690507
280 0.903434 0.675005
281 0.903434 0.664139
282 0.903434 0.674432
283 0.903434 0.69655
284 0.903434 0.688486
285 0.903434 0.727019
286 0.903434 0.709596
287 0.903434 0.659668
288 0.903434 0.691363
289 0.903434 0.677003
290 0.903434 0.705296
291 0.907977 0.717718
292 0.907977 0.716501
293 0.907977 0.728905
294 0.909503 0.712305
295 0.909503 0.690786
296 0.909503 0.698774
297 0.909503 0.70039
298 0.909503 0.696295
299 0.909503 0.694285
300 0.909503 0.688562
301 0.909503 0.721136
302 0.909503 0.717183
303 0.909503 0.703712
304 0.909503 0.706896
305 0.909503 0.718066
306 0.909503 0.732587
307 0.916534 0.736419
308 0.916534 0.690508
309 0.916534 0.709557
310 0.916534 0.700562
311 0.916534 0.684074
312 0.916534 0.712699
313 0.916534 0.682648
314 0.916534 0.711541
315 0.916534 0.681519
316 0.916534 0.667897
317 0.916534 0.667091
318 0.916534 0.662576
319 0.916534 0.654196
320 0.916534 0.668675
321 0.916534 0.687063
322 0.916534 0.711423
323 0.916534 0.701819
324 0.916534 0.708741
325 0.916534 0.6808
326 0.916534 0.68858
327 0.916534 0.722291
328 0.916534 0.717002
329 0.916534 0.732683
330 0.916534 0.734168
331 0.916534 0.72301
332 0.916534 0.707838
333 0.916534 0.690472
334 0.916534 0.710517
335 0.916534 0.746769
336 0.916534 0.731718
337 0.916534 0.721988
338 0.916534 0.707208
339 0.916534 0.698602
340 0.916534 0.732199
341 0.916534 0.727486
342 0.916534 0.703858
343 0.916534 0.648224
344 0.916534 0.622055
345 0.916534 0.670237
346 0.916534 0.682944
347 0.916534 0.708194
348 0.916534 0.709678
349 0.916534 0.723799
350 0.916534 0.702792
351 0.916534 0.715944
352 0.916534 0.730949
353 0.916534 0.702477
354 0.916534 0.704441
355 0.916534 0.690172
356 0.916534 0.725863
357 0.916534 0.717106
358 0.916534 0.698068
359 0.916534 0.700972
360 0.916534 0.725876
361 0.916534 0.728345
362 0.916534 0.72769
363 0.916534 0.741048
364 0.916534 0.736679
365 0.916534 0.731041
366 0.916534 0.720628
367 0.916534 0.741116
368 0.916534 0.734597
369 0.916534 0.715275
370 0.916534 0.662129
371 0.916534 0.688228
372 0.916534 0.690172
373 0.916534 0.675664
374 0.916534 0.667232
375 0.916534 0.68716
376 0.916534 0.656057
377 0.916534 0.660439
378 0.916534 0.671643
379 0.916534 0.663046
380 0.916534 0.653948
381 0.916534 0.644381
382 0.916534 0.636228
383 0.916534 0.634932
384 0.916534 0.661556
385 0.916534 0.669761
386 0.916534 0.674927
387 0.916534 0.674881
388 0.916534 0.670164
389 0.916534 0.691013
390 0.916534 0.692679
391 0.916534 0.716724
392 0.916862 0.707808
393 0.916862 0.71325
394 0.916862 0.699547
395 0.916862 0.676367
396 0.916862 0.688292
397 0.919507 0.689273
398 0.919507 0.664353
399 0.919507 0.682512
400 0.919507 0.677201
401 0.919507 0.678376
402 0.919507 0.685538
403 0.919507 0.697863
404 0.919507 0.726891
405 0.919507 0.72672
406 0.919507 0.686163
407 0.919507 0.667911
408 0.919507 0.668724
409 0.919507 0.680009
410 0.923934 0.679714
411 0.923934 0.660267
412 0.923934 0.653508
413 0.923934 0.666669
414 0.923934 0.673483
415 0.923934 0.655648
416 0.923934 0.669573
417 0.923934 0.662483
418 0.924587 0.664795
419 0.924587 0.655072
420 0.924587 0.677718
421 0.924587 0.677994
422 0.924587 0.658591
423 0.925151 0.618153
424 0.925151 0.620525
425 0.925151 0.63458
426 0.925151 0.651691
427 0.925151 0.642887
428 0.925151 0.65804
429 0.925151 0.65747
430 0.925151 0.60996
431 0.925151 0.620652
432 0.925151 0.620525
433 0.925151 0.667257
434 0.925151 0.628255
435 0.925151 0.608825
436 0.925151 0.60554
437 0.925151 0.614657
438 0.925151 0.601037
439 0.925151 0.613767
440 0.925151 0.61732
441 0.925151 0.630957
442 0.925151 0.598336
443 0.925151 0.628085
444 0.925151 0.62637
445 0.925151 0.641569
446 0.925151 0.637137
447 0.925151 0.644339
448 0.925151 0.625715
449 0.925151 0.64046
450 0.925151 0.652063
451 0.925151 0.644404
452 0.925151 0.640978
453 0.925151 0.650455
454 0.929463 0.612824
455 0.929463 0.592827
456 0.929463 0.602607
457 0.929463 0.624992
458 0.929725 0.603795
459 0.929725 0.615084
460 0.929725 0.636587
461 0.929725 0.658766
462 0.929725 0.668443
463 0.929725 0.670305
464 0.929725 0.673435
465 0.929725 0.64269
466 0.929725 0.651451
467 0.929725 0.655627
468 0.929725 0.684579
469 0.929725 0.665361
470 0.929725 0.653486
471 0.929725 0.638077
472 0.929725 0.658542
473 0.929725 0.684254
474 0.929725 0.688497
475 0.929725 0.680553
476 0.929725 0.696049
477 0.929725 0.675689
478 0.929725 0.683737
479 0.929725 0.689903
480 0.929725 0.697047
481 0.929725 0.675698
482 0.929725 0.694181
483 0.929725 0.692217
484 0.929725 0.682125
485 0.929725 0.686363
486 0.929725 0.689801
487 0.929725 0.69249
488 0.929725 0.684319
489 0.929725 0.685575
490 0.929725 0.653544
491 0.929725 0.633675
492 0.929725 0.629744
493 0.929725 0.643072
494 0.929725 0.624194
495 0.929725 0.643847
496 0.929725 0.659877
497 0.929725 0.653962
498 0.929725 0.675874
499 0.929725 0.683395
500 0.930152 0.706685
501 0.930152 0.685795
502 0.930152 0.669348
503 0.930152 0.684575
504 0.930152 0.665111
505 0.930152 0.664476
506 0.930152 0.694781
507 0.930152 0.682543
508 0.930152 0.660999
509 0.930152 0.679233
510 0.930152 0.685767
511 0.930152 0.660358
512 0.930152 0.667304
513 0.930152 0.663005
514 0.930152 0.666859
515 0.930152 0.697202
516 0.930152 0.711746
517 0.930152 0.714088
518 0.930152 0.694816
519 0.930152 0.698979
520 0.930152 0.702706
521 0.930152 0.707449
522 0.930152 0.709184
523 0.930152 0.679757
524 0.930152 0.686621
525 0.930152 0.661178
526 0.930152 0.686634
527 0.930152 0.666042
528 0.930152 0.652659
529 0.930152 0.651558
530 0.930152 0.671005
531 0.930152 0.647768
532 0.930152 0.642112
533 0.930152 0.649505
534 0.930152 0.634276
535 0.930152 0.614574
536 0.930152 0.620421
537 0.930152 0.600281
538 0.930152 0.629021
539 0.930152 0.622936
540 0.930152 0.644589
541 0.930152 0.666857
542 0.930152 0.640193
543 0.930152 0.656262
544 0.930152 0.671951
545 0.930152 0.665295
546 0.930152 0.673744
547 0.930152 0.666749
548 0.930152 0.662842
549 0.930152 0.649205
550 0.930152 0.683465
551 0.930152 0.65711
552 0.930152 0.64279
553 0.930152 0.640777
554 0.930152 0.675581
555 0.930152 0.681797
556 0.930152 0.690152
557 0.930152 0.713072
558 0.930152 0.709511
559 0.930152 0.721308
560 0.930152 0.728847
561 0.930152 0.709063
562 0.930152 0.710618
563 0.930152 0.716263
564 0.930152 0.727985
565 0.930152 0.732306
566 0.930152 0.735106
567 0.930152 0.735646
568 0.930152 0.733131
569 0.930152 0.724191
570 0.930152 0.685892
571 0.930152 0.702743
572 0.930152 0.678239
573 0.930152 0.69734
574 0.930152 0.69095
575 0.930152 0.680999
576 0.930152 0.674743
577 0.930152 0.684313
578 0.930152 0.688611
579 0.930152 0.680775
580 0.930152 0.67835
581 0.930152 0.711727
582 0.930152 0.688566
583 0.930152 0.694753
584 0.930152 0.707183
585 0.930152 0.699232
586 0.930152 0.711947
587 0.930152 0.694567
588 0.930154 0.705725
589 0.930154 0.69338
590 0.930154 0.703131
591 0.930154 0.693039
592 0.930154 0.667909
593 0.930154 0.671153
594 0.930154 0.689836
595 0.930154 0.686801
596 0.930154 0.727258
597 0.930154 0.754106
598 0.930154 0.755288
599 0.930154 0.772464
600 0.930154 0.733121
601 0.930154 0.731091
602 0.930154 0.708809
603 0.930154 0.709565
604 0.930154 0.726599
605 0.930154 0.732271
606 0.930154 0.731599
607 0.930154 0.740821
608 0.930154 0.709781
609 0.930154 0.727534
610 0.930154 0.720801
611 0.930154 0.728099
612 0.930154 0.717759
613 0.930154 0.707592
614 0.930154 0.718045
615 0.930154 0.694336
616 0.930154 0.682894
617 0.930154 0.677192
618 0.930154 0.677022
619 0.930154 0.718317
620 0.930154 0.717067
621 0.930154 0.698238
622 0.930154 0.677961
623 0.930154 0.701131
624 0.930154 0.705336
625 0.930154 0.693503
626 0.930154 0.689526
627 0.930154 0.695965
628 0.930154 0.714364
629 0.930154 0.716641
630 0.930154 0.700944
631 0.930154 0.685529
632 0.930154 0.687386
633 0.930154 0.674632
634 0.930154 0.662418
635 0.930154 0.672686
636 0.930154 0.656264
637 0.930154 0.643034
638 0.930154 0.652953
639 0.930154 0.651943
640 0.930154 0.659862
641 0.930154 0.645076
642 0.930154 0.641709
643 0.930154 0.63834
644 0.930154 0.62888
645 0.930154 0.64732
646 0.930154 0.649184
647 0.930154 0.628341
648 0.930154 0.651765
649 0.930154 0.619191
650 0.930154 0.620863
651 0.930154 0.642448
652 0.930154 0.655397
653 0.930154 0.638519
654 0.930154 0.647801
655 0.930154 0.602619
656 0.930154 0.598053
657 0.930154 0.644638
658 0.930154 0.661946
659 0.930154 0.630939
660 0.930154 0.654192
661 0.930154 0.639381
662 0.930154 0.677834
663 0.930154 0.659095
664 0.930154 0.645765
665 0.930154 0.667453
666 0.930154 0.636804
667 0.930154 0.638994
668 0.930154 0.659474
669 0.930154 0.641896
670 0.930154 0.650924
671 0.930154 0.657854
672 0.930154 0.630747
673 0.930154 0.624705
674 0.930154 0.662279
675 0.930154 0.656508
676 0.930154 0.672687
677 0.930154 0.662173
678 0.930154 0.683045
679 0.930154 0.63148
680 0.930154 0.646604
681 0.930154 0.664182
682 0.930154 0.676917
683 0.930154 0.690451
684 0.930249 0.69252
685 0.930249 0.707374
686 0.930249 0.714931
687 0.930249 0.697964
688 0.930249 0.669105
689 0.930459 0.656283
690 0.930459 0.634612
691 0.930459 0.659512
692 0.930459 0.648094
693 0.930459 0.658134
694 0.930459 0.634764
695 0.930459 0.667497
696 0.930459 0.655446
697 0.930459 0.67784
698 0.930459 0.686624
699 0.930459 0.668678
700 0.930459 0.674013
701 0.930459 0.663405
702 0.930459 0.688307
703 0.930459 0.668979
704 0.930459 0.672269
705 0.930459 0.681155
706 0.930459 0.659009
707 0.930459 0.651466
708 0.930459 0.623575
709 0.930459 0.664225
710 0.930459 0.681346
711 0.930459 0.670498
712 0.930459 0.653555
713 0.930459 0.645015
714 0.930459 0.621775
715 0.930459 0.624865
716 0.930459 0.63496
717 0.930459 0.637443
718 0.930459 0.656625
719 0.930459 0.643051
720 0.930459 0.597445
721 0.930459 0.631446
722 0.930459 0.62244
723 0.930459 0.62106
724 0.930459 0.63466
725 0.930459 0.627145
726 0.930459 0.652971
727 0.930459 0.666516
728 0.930459 0.66597
729 0.930459 0.660247
730 0.930459 0.651926
731 0.930459 0.625002
732 0.930459 0.633214
733 0.930459 0.653843
734 0.930459 0.638756
735 0.930459 0.658057
736 0.930459 0.652175
737 0.930459 0.690615
738 0.930459 0.643665
739 0.930459 0.684551
740 0.930459 0.697749
741 0.930459 0.684413
742 0.930493 0.690817
743 0.930493 0.711069
744 0.930493 0.718454
745 0.930493 0.716703
746 0.930493 0.716981
747 0.930493 0.724674
748 0.930539 0.726079
749 0.930539 0.738668
750 0.930539 0.690935
751 0.930539 0.722743
752 0.930539 0.700458
753 0.930539 0.684567
754 0.930539 0.687191
755 0.930539 0.716363
756 0.930539 0.716434
757 0.930539 0.704317
758 0.930539 0.721536
759 0.930539 0.695587
760 0.930539 0.698675
761 0.930539 0.695067
762 0.930539 0.65465
763 0.930539 0.689937
764 0.930539 0.714624
765 0.930539 0.714959
766 0.930539 0.698511
767 0.930539 0.682473
768 0.930539 0.708757
769 0.930539 0.691703
770 0.930539 0.697801
771 0.930539 0.706467
772 0.930539 0.693584
773 0.930539 0.681467
774 0.930539 0.682897
775 0.930539 0.689427
776 0.930539 0.70575
777 0.930539 0.722325
778 0.930539 0.735682
779 0.930539 0.708958
780 0.930539 0.711827
781 0.930539 0.706092
782 0.930539 0.716148
783 0.930549 0.681387
784 0.930549 0.690396
785 0.930549 0.702511
786 0.930549 0.691066
787 0.930549 0.676043
788 0.930549 0.673604
789 0.930549 0.671458
790 0.930549 0.698016
791 0.930549 0.709896
792 0.930549 0.69591
793 0.930549 0.699729
794 0.930549 0.714301
795 0.930549 0.730142
796 0.930549 0.726441
797 0.930549 0.716532
798 0.930549 0.697251
799 0.930549 0.722794
800 0.930549 0.744948
801 0.930549 0.718504
802 0.930549 0.724004
803 0.930549 0.722565
804 0.930549 0.714179
805 0.930549 0.713947
806 0.930549 0.718654
807 0.930549 0.71115
808 0.930549 0.709336
809 0.930549 0.717003
810 0.930549 0.720314
811 0.930549 0.728274
812 0.930549 0.741758
813 0.930549 0.710688
814 0.930549 0.704456
815 0.930549 0.673484
816 0.930549 0.675302
817 0.930549 0.666532
818 0.930549 0.664887
819 0.930549 0.66126
820 0.930549 0.642151
821 0.930549 0.656891
822 0.930549 0.647462
823 0.930549 0.668555
824 0.930549 0.676728
825 0.930549 0.690342
826 0.930549 0.694145
827 0.930549 0.696612
828 0.930549 0.673689
829 0.930549 0.701818
830 0.930549 0.690362
831 0.930549 0.647592
832 0.930549 0.670502
833 0.930549 0.694183
834 0.930549 0.685805
835 0.930549 0.681861
836 0.930549 0.664078
837 0.930549 0.66987
838 0.930549 0.680362
839 0.930549 0.673358
840 0.930549 0.685022
841 0.930549 0.681388
842 0.930549 0.685838
843 0.930549 0.687898
844 0.930549 0.656754
845 0.930549 0.66532
846 0.930549 0.683084
847 0.930549 0.699066
848 0.930549 0.706913
849 0.930549 0.703156
850 0.930549 0.710249
851 0.930549 0.712697
852 0.930549 0.686379
853 0.930549 0.671792
854 0.930549 0.69834
855 0.930549 0.683725
856 0.930549 0.700994
857 0.930549 0.701407
858 0.930549 0.6973
859 0.930549 0.68794
860 0.930549 0.674579
861 0.930549 0.689824
862 0.930549 0.691601
863 0.930549 0.679732
864 0.930549 0.679708
865 0.930549 0.680173
866 0.930549 0.669618
867 0.930549 0.665466
868 0.930549 0.654418
869 0.930549 0.667907
870 0.930549 0.680961
871 0.930549 0.66278
872 0.930549 0.683285
873 0.930549 0.677986
874 0.930549 0.64935
875 0.930549 0.630503
876 0.930549 0.636018
877 0.930549 0.634829
878 0.930549 0.642783
879 0.930549 0.627703
880 0.930549 0.618665
881 0.930549 0.627639
882 0.930549 0.637464
883 0.930549 0.620173
884 0.930549 0.622749
885 0.930549 0.634315
886 0.930549 0.617516
887 0.930549 0.62259
888 0.930549 0.618258
889 0.930549 0.610756
890 0.930549 0.619596
891 0.930549 0.639058
892 0.930549 0.660053
893 0.930549 0.661406
894 0.930549 0.670387
895 0.930549 0.683729
896 0.930549 0.685187
897 0.930549 0.691665
898 0.930549 0.701119
899 0.930549 0.679304
900 0.930549 0.689952
901 0.930549 0.716953
902 0.930549 0.712019
903 0.930549 0.705679
904 0.930549 0.699758
905 0.930549 0.711391
906 0.930549 0.696063
907 0.931098 0.721252
908 0.931098 0.708603
909 0.931098 0.709888
910 0.931098 0.693598
911 0.931098 0.681917
912 0.931098 0.666488
913 0.931098 0.670787
914 0.931098 0.698325
915 0.931098 0.717507
916 0.931098 0.704322
917 0.931098 0.698849
918 0.931098 0.690159
919 0.931098 0.681934
920 0.931098 0.673541
921 0.931098 0.679511
922 0.931098 0.661338
923 0.931098 0.651949
924 0.931098 0.690818
925 0.931098 0.701114
926 0.931098 0.711336
927 0.931098 0.709856
928 0.931098 0.705862
929 0.931098 0.717406
930 0.931098 0.694717
931 0.931098 0.661304
932 0.931098 0.701241
933 0.931098 0.708915
934 0.931098 0.692758
935 0.931098 0.679516
936 0.931098 0.648797
937 0.931192 0.657811
938 0.931192 0.658203
939 0.931192 0.642634
940 0.931192 0.662299
941 0.931192 0.643315
942 0.931192 0.608145
943 0.931192 0.627087
944 0.931192 0.607933
945 0.931192 0.60332
946 0.931423 0.616032
947 0.931423 0.657435
948 0.931423 0.683582
949 0.931423 0.686029
950 0.931423 0.679575
951 0.931423 0.708304
952 0.931423 0.688995
953 0.931423 0.667764
954 0.931423 0.657715
955 0.931423 0.674429
956 0.931423 0.642389
957 0.931423 0.644809
958 0.931423 0.636888
959 0.931423 0.638261
960 0.931423 0.628987
961 0.931423 0.627687
962 0.931423 0.635093
963 0.931423 0.615288
964 0.931423 0.653685
965 0.931423 0.648056
966 0.931423 0.653367
967 0.931423 0.688639
968 0.931423 0.668804
969 0.931423 0.651473
970 0.932255 0.635035
971 0.932255 0.639859
972 0.932255 0.656617
973 0.932255 0.658766
974 0.932255 0.660735
975 0.932255 0.637555
976 0.932255 0.644522
977 0.932255 0.656504
978 0.932255 0.661572
979 0.932255 0.698295
980 0.932255 0.708699
981 0.932255 0.719281
982 0.932255 0.712908
983 0.932255 0.687826
984 0.932255 0.712854
985 0.932255 0.716116
986 0.932255 0.700241
987 0.932255 0.712095
988 0.932255 0.692381
989 0.932255 0.662912
990 0.932255 0.668622
991 0.932255 0.668039
992 0.932255 0.676862
993 0.932255 0.705319
994 0.932255 0.681171
995 0.932255 0.661299
996 0.932255 0.641604
997 0.932255 0.646664
998 0.932255 0.652794
999 0.932255 0.658591
1000 0.932255 0.646288
1000 0.932241 0.64679
