0 0.848244 0.132093
1 0.848244 0.161837
2 0.849202 0.186424
3 0.856039 0.177216
4 0.85607 0.212257
5 0.857337 0.167983
6 0.859151 0.194733
7 0.859151 0.243623
8 0.859151 0.270909
9 0.859779 0.269949
10 0.859798 0.2711
11 0.859798 0.260958
12 0.859798 0.200006
13 0.859798 0.210213
14 0.859798 0.197476
15 0.859798 0.216931
16 0.860031 0.214595
17 0.860031 0.196524
18 0.860031 0.231914
19 0.860031 0.212797
20 0.860031 0.252419
21 0.860864 0.22917
22 0.860864 0.249148
23 0.860864 0.21354
24 0.860864 0.216006
25 0.86182 0.251955
26 0.86182 0.277176
27 0.86182 0.249347
28 0.86182 0.266711
29 0.862454 0.305408
30 0.862454 0.270361
31 0.862454 0.218516
32 0.862454 0.210576
33 0.862454 0.23477
34 0.862703 0.235605
35 0.863254 0.246695
36 0.863254 0.230167
37 0.863254 0.239587
38 0.863254 0.226322
39 0.863254 0.243148
40 0.863254 0.24433
41 0.863345 0.239355
42 0.863345 0.227443
43 0.863345 0.210999
44 0.863345 0.195777
45 0.863345 0.238131
46 0.863345 0.215589
47 0.863345 0.219367
48 0.863345 0.243547
49 0.863345 0.235266
50 0.863345 0.228214
51 0.863345 0.261263
52 0.863345 0.235971
53 0.863345 0.227432
54 0.863345 0.230084
55 0.863345 0.255745
56 0.863345 0.298335
57 0.863345 0.298544
58 0.863345 0.32952
59 0.863345 0.287247
60 0.863345 0.303085
61 0.863345 0.28105
62 0.863345 0.301692
63 0.863345 0.350351
64 0.863357 0.360058
65 0.863357 0.393779
66 0.863357 0.383786
67 0.863467 0.375705
68 0.863467 0.420537
69 0.863467 0.445699
70 0.863691 0.476214
71 0.863691 0.443021
72 0.863691 0.437591
73 0.863691 0.441805
74 0.863691 0.474131
75 0.864269 0.481249
76 0.864269 0.547744
77 0.864269 0.57467
78 0.864269 0.566235
79 0.864269 0.566628
80 0.864269 0.569444
81 0.864269 0.564694
82 0.864269 0.550807
83 0.864269 0.560363
84 0.864269 0.568279
85 0.864269 0.573268
86 0.864269 0.549168
87 0.864269 0.563038
88 0.864269 0.594187
89 0.864269 0.566057
90 0.864269 0.566714
91 0.864269 0.585811
92 0.864269 0.572089
93 0.864269 0.549523
94 0.864269 0.601497
95 0.864338 0.550972
96 0.86435 0.553506
97 0.86435 0.591841
98 0.864389 0.61425
99 0.864389 0.645517
100 0.864389 0.604725
101 0.866309 0.602066
102 0.866309 0.620204
103 0.866309 0.658169
104 0.866309 0.614573
105 0.866309 0.634434
106 0.866309 0.655862
107 0.866309 0.636915
108 0.866309 0.667162
109 0.866309 0.626843
110 0.866309 0.626048
111 0.866309 0.612174
112 0.866309 0.626095
113 0.874933 0.599942
114 0.907728 0.584344
115 0.907728 0.594213
116 0.907728 0.585294
117 0.907728 0.587801
118 0.907728 0.561733
119 0.907728 0.599559
120 0.907728 0.602416
121 0.907728 0.618543
122 0.907728 0.636062
123 0.907728 0.656059
124 0.907728 0.631318
125 0.907728 0.635011
126 0.907728 0.606919
127 0.907728 0.619768
128 0.907728 0.648834
129 0.918841 0.66812
130 0.918841 0.618518
131 0.918841 0.63874
132 0.918841 0.64392
133 0.918841 0.642778
134 0.918841 0.606617
135 0.918841 0.601774
136 0.918841 0.562946
137 0.918841 0.63233
138 0.918841 0.660142
139 0.918841 0.690722
140 0.918841 0.699594
141 0.918841 0.659692
142 0.918841 0.668001
143 0.918841 0.712507
144 0.918841 0.736221
145 0.918841 0.722694
146 0.918841 0.71375
147 0.918841 0.70533
148 0.918841 0.685542
149 0.918841 0.677066
150 0.918841 0.68129
151 0.918841 0.64559
152 0.918841 0.652626
153 0.918841 0.652442
154 0.918841 0.64878
155 0.918841 0.636792
156 0.918841 0.647125
157 0.918841 0.64259
158 0.918841 0.63274
159 0.918841 0.678431
160 0.918841 0.677209
161 0.918841 0.664682
162 0.918841 0.675581
163 0.918841 0.684262
164 0.918841 0.688716
165 0.918841 0.71352
166 0.918841 0.69541
167 0.918841 0.719504
168 0.918841 0.731221
169 0.918841 0.701691
170 0.918841 0.668891
171 0.918841 0.638214
172 0.918841 0.672821
173 0.918841 0.67255
174 0.921854 0.698958
175 0.921854 0.716556
176 0.921854 0.677053
177 0.921854 0.658457
178 0.921854 0.666393
179 0.921854 0.639709
180 0.921854 0.621409
181 0.921854 0.610678
182 0.921854 0.63146
183 0.921854 0.689665
184 0.921854 0.690668
185 0.921854 0.645654
186 0.921854 0.673095
187 0.921854 0.651261
188 0.921854 0.649578
189 0.921854 0.666914
190 0.921854 0.66508
191 0.921854 0.676717
192 0.921854 0.685752
193 0.921854 0.687443
194 0.921854 0.656888
195 0.921854 0.669773
196 0.924888 0.672882
197 0.924888 0.661085
198 0.924888 0.656035
199 0.924888 0.63671
200 0.924888 0.638664
201 0.924888 0.669505
202 0.924888 0.638415
203 0.924888 0.644236
204 0.924888 0.634868
205 0.924888 0.668052
206 0.924888 0.680079
207 0.924888 0.642509
208 0.924888 0.650913
209 0.924888 0.672811
210 0.924888 0.688381
211 0.924888 0.677327
212 0.924888 0.668378
213 0.924888 0.670984
214 0.924888 0.682988
215 0.924888 0.673305
216 0.924888 0.633535
217 0.924888 0.627696
218 0.924888 0.634367
219 0.924888 0.609651
220 0.924888 0.626641
221 0.924888 0.633757
222 0.924888 0.613306
223 0.926952 0.624241
224 0.926952 0.594911
225 0.926952 0.586026
226 0.926952 0.615493
227 0.926952 0.621361
228 0.926952 0.642002
229 0.926952 0.615476
230 0.926952 0.61344
231 0.926952 0.639406
232 0.926952 0.607875
233 0.926952 0.591921
234 0.926952 0.635325
235 0.926952 0.636015
236 0.926952 0.619057
237 0.926952 0.620641
238 0.926952 0.650661
239 0.926952 0.656967
240 0.926952 0.638235
241 0.926952 0.644211
242 0.926952 0.646791
243 0.926952 0.655268
244 0.926952 0.641649
245 0.926952 0.643716
246 0.926952 0.613906
247 0.926952 0.620298
248 0.926952 0.622935
249 0.926952 0.638519
250 0.926952 0.644289
251 0.926952 0.642984
252 0.926952 0.645019
253 0.926952 0.656837
254 0.926952 0.649527
255 0.926952 0.629282
256 0.926952 0.648172
257 0.929171 0.646893
258 0.929171 0.622582
259 0.929171 0.635822
260 0.929171 0.666779
261 0.929171 0.647581
262 0.929171 0.646122
263 0.929171 0.662245
264 0.929171 0.668624
265 0.929171 0.670994
266 0.929171 0.693848
267 0.929171 0.68101
268 0.929171 0.674449
269 0.929171 0.669051
270 0.929171 0.653654
271 0.931931 0.655504
272 0.931931 0.656279
273 0.931931 0.644136
274 0.931931 0.662743
275 0.931931 0.680015
276 0.931931 0.685656
277 0.931931 0.687372
278 0.931931 0.710433
279 0.931931 0.72617
280 0.931931 0.744867
281 0.931931 0.730671
282 0.931931 0.719525
283 0.931931 0.721651
284 0.931931 0.720032
285 0.931931 0.749953
286 0.931931 0.733677
287 0.931931 0.712491
288 0.931931 0.717016
289 0.931931 0.691167
290 0.931931 0.710607
291 0.931931 0.714786
292 0.931931 0.71268
293 0.931931 0.727604
294 0.931931 0.728807
295 0.931931 0.739967
296 0.931931 0.721209
297 0.931931 0.728957
298 0.931931 0.699833
299 0.931931 0.726587
300 0.931931 0.682146
301 0.931931 0.704007
302 0.931931 0.728568
303 0.931931 0.722288
304 0.931931 0.753469
305 0.931931 0.749543
306 0.931931 0.712279
307 0.931931 0.7302
308 0.931931 0.721214
309 0.931931 0.698618
310 0.931931 0.702733
311 0.931931 0.701531
312 0.931931 0.734056
313 0.931931 0.724763
314 0.931931 0.69982
315 0.931931 0.717249
316 0.931931 0.703738
317 0.931931 0.687414
318 0.931931 0.664913
319 0.931931 0.688984
320 0.931931 0.680258
321 0.931931 0.683958
322 0.931931 0.668785
323 0.931931 0.631365
324 0.931931 0.631874
325 0.931931 0.623894
326 0.931931 0.619954
327 0.931931 0.661547
328 0.931931 0.693405
329 0.931931 0.665033
330 0.931931 0.68838
331 0.931931 0.693191
332 0.931931 0.662529
333 0.931931 0.676389
334 0.931931 0.651769
335 0.931931 0.678234
336 0.931931 0.674696
337 0.931931 0.672746
338 0.931931 0.696206
339 0.931931 0.702278
340 0.931931 0.735541
341 0.931931 0.71137
342 0.931931 0.686922
343 0.931931 0.692371
344 0.931931 0.686266
345 0.931931 0.668425
346 0.931931 0.674573
347 0.931931 0.634746
348 0.931931 0.647821
349 0.931931 0.635244
350 0.931931 0.681968
351 0.931931 0.68961
352 0.931931 0.68612
353 0.931931 0.689831
354 0.931931 0.701613
355 0.931931 0.716332
356 0.932223 0.700873
357 0.932223 0.683125
358 0.932223 0.653453
359 0.932523 0.674108
360 0.932523 0.682055
361 0.932523 0.669742
362 0.932523 0.720086
363 0.932523 0.674927
364 0.932523 0.714543
365 0.932523 0.735959
366 0.932523 0.735105
367 0.932523 0.731971
368 0.932523 0.71694
369 0.934342 0.711878
370 0.934342 0.686025
371 0.934342 0.674089
372 0.934342 0.644641
373 0.934342 0.65806
374 0.934342 0.669559
375 0.934342 0.68542
376 0.934342 0.693802
377 0.934342 0.696324
378 0.934342 0.658941
379 0.934342 0.647131
380 0.934342 0.654363
381 0.934342 0.686792
382 0.934342 0.667776
383 0.934342 0.655674
384 0.934342 0.664097
385 0.934342 0.659225
386 0.934342 0.630353
387 0.934342 0.648551
388 0.934342 0.657482
389 0.934342 0.647935
390 0.934342 0.67262
391 0.934342 0.684548
392 0.934342 0.656511
393 0.934342 0.670241
394 0.934342 0.659059
395 0.934342 0.634422
396 0.934342 0.689665
397 0.934342 0.707862
398 0.934342 0.708552
399 0.934342 0.721947
400 0.934342 0.735616
401 0.934342 0.71167
402 0.934342 0.684094
403 0.934342 0.706651
404 0.934342 0.696722
405 0.935324 0.692597
406 0.935324 0.696897
407 0.935324 0.656562
408 0.935324 0.684654
409 0.935324 0.641635
410 0.935324 0.711722
411 0.935324 0.690698
412 0.935324 0.681787
413 0.935324 0.70577
414 0.935324 0.713592
415 0.935324 0.665139
416 0.935324 0.694756
417 0.935324 0.713173
418 0.935324 0.707319
419 0.935324 0.728503
420 0.935324 0.697554
421 0.935324 0.716237
422 0.935324 0.736139
423 0.935324 0.730379
424 0.935324 0.733239
425 0.935324 0.735842
426 0.935324 0.722982
427 0.935324 0.718173
428 0.935324 0.738211
429 0.935324 0.717829
430 0.935324 0.686392
431 0.935324 0.694863
432 0.935324 0.690315
433 0.935324 0.724936
434 0.935324 0.743658
435 0.935324 0.743963
436 0.935324 0.708655
437 0.935324 0.733586
438 0.935324 0.728161
439 0.935324 0.728506
440 0.935324 0.744742
441 0.935324 0.725696
442 0.935324 0.717425
443 0.935324 0.723795
444 0.935324 0.744423
445 0.935324 0.707723
446 0.935324 0.717532
447 0.935324 0.688521
448 0.935324 0.730851
449 0.935324 0.746721
450 0.935324 0.731042
451 0.935324 0.754587
452 0.935324 0.71785
453 0.935324 0.727148
454 0.935324 0.722514
455 0.935324 0.710992
456 0.935324 0.710987
457 0.935324 0.727035
458 0.935324 0.736157
459 0.935324 0.746688
460 0.935324 0.739694
461 0.935324 0.721977
462 0.935324 0.749226
463 0.935324 0.749598
464 0.935324 0.734615
465 0.935324 0.749594
466 0.935324 0.746257
467 0.935324 0.755507
468 0.935324 0.759566
469 0.935324 0.733139
470 0.935324 0.722158
471 0.935324 0.75504
472 0.935324 0.74325
473 0.935324 0.743988
474 0.935324 0.747385
475 0.935324 0.720155
476 0.935324 0.718923
477 0.935324 0.724087
478 0.935324 0.706234
479 0.935324 0.706194
480 0.935324 0.711671
481 0.935324 0.674066
482 0.935324 0.633841
483 0.935324 0.663883
484 0.935324 0.671553
485 0.935324 0.633929
486 0.935324 0.635273
487 0.935324 0.67193
488 0.935324 0.683011
489 0.935324 0.674661
490 0.935324 0.686034
491 0.935324 0.642055
492 0.935324 0.629825
493 0.935324 0.66701
494 0.935324 0.670191
495 0.935324 0.672856
496 0.935324 0.682136
497 0.935324 0.654995
498 0.935324 0.679979
499 0.935324 0.67852
500 0.935324 0.662504
501 0.935324 0.659359
502 0.935324 0.685646
503 0.935324 0.686958
504 0.935324 0.677437
505 0.935324 0.674799
506 0.935324 0.71144
507 0.935324 0.708811
508 0.935324 0.685857
509 0.935324 0.707921
510 0.935324 0.719754
511 0.935324 0.712317
512 0.935324 0.714511
513 0.935324 0.681005
514 0.935324 0.706452
515 0.935324 0.718331
516 0.935324 0.715606
517 0.935324 0.73709
518 0.935324 0.722356
519 0.935324 0.747503
520 0.935324 0.71448
521 0.935324 0.699914
522 0.935324 0.698363
523 0.935324 0.696411
524 0.935324 0.699224
525 0.935324 0.719787
526 0.935324 0.732788
527 0.935324 0.727089
528 0.935324 0.725242
529 0.935324 0.683907
530 0.935324 0.71641
531 0.935324 0.682109
532 0.935324 0.690214
533 0.935324 0.68648
534 0.935324 0.702684
535 0.935324 0.697602
536 0.935324 0.758096
537 0.935324 0.727433
538 0.935324 0.740878
539 0.935324 0.729413
540 0.935324 0.734103
541 0.935324 0.756027
542 0.935324 0.750807
543 0.935324 0.749093
544 0.935324 0.728664
545 0.935324 0.735945
546 0.935324 0.73969
547 0.935324 0.737229
548 0.935324 0.739517
549 0.935324 0.738323
550 0.935324 0.734227
551 0.935324 0.74123
552 0.935324 0.714742
553 0.935324 0.684555
554 0.935324 0.682532
555 0.935324 0.684404
556 0.935324 0.690169
557 0.935324 0.723477
558 0.935324 0.720149
559 0.935324 0.716077
560 0.935324 0.701365
561 0.935324 0.689704
562 0.935324 0.715122
563 0.935324 0.697301
564 0.935324 0.68956
565 0.935324 0.69626
566 0.935324 0.718324
567 0.935324 0.722549
568 0.935324 0.757229
569 0.935324 0.709462
570 0.935324 0.7071
571 0.935324 0.669553
572 0.935324 0.664331
573 0.935324 0.651611
574 0.935324 0.70562
575 0.935324 0.675735
576 0.935324 0.662183
577 0.935324 0.651318
578 0.935324 0.673392
579 0.935324 0.68216
580 0.935324 0.705507
581 0.935324 0.742261
582 0.935324 0.773495
583 0.935324 0.707097
584 0.935324 0.715918
585 0.935324 0.716437
586 0.935324 0.723431
587 0.935324 0.730007
588 0.935324 0.769682
589 0.935324 0.734204
590 0.935324 0.708994
591 0.935324 0.70947
592 0.935324 0.721278
593 0.935324 0.717941
594 0.935324 0.712069
595 0.935324 0.675851
596 0.935324 0.680985
597 0.935324 0.712054
598 0.935324 0.721089
599 0.935325 0.733023
600 0.935325 0.731139
601 0.935325 0.729341
602 0.935325 0.744523
603 0.935325 0.73879
604 0.935325 0.716006
605 0.935325 0.723099
606 0.935325 0.697957
607 0.935325 0.699591
608 0.935325 0.700236
609 0.935337 0.680458
610 0.935337 0.690907
611 0.935337 0.703406
612 0.935337 0.713579
613 0.935337 0.699412
614 0.935337 0.685478
615 0.935337 0.687789
616 0.935337 0.682973
617 0.935337 0.678695
618 0.935474 0.692487
619 0.935474 0.664405
620 0.935474 0.712646
621 0.935474 0.68866
622 0.935474 0.657925
623 0.935474 0.642455
624 0.935474 0.671555
625 0.935474 0.6668
626 0.935474 0.633487
627 0.935474 0.660058
628 0.935474 0.66129
629 0.935474 0.686682
630 0.935474 0.672315
631 0.935474 0.690831
632 0.935474 0.694502
633 0.935474 0.68423
634 0.935474 0.731476
635 0.935474 0.706353
636 0.935474 0.698856
637 0.935474 0.681893
638 0.935474 0.66114
639 0.935474 0.708431
640 0.935474 0.713893
641 0.935474 0.674137
642 0.935474 0.667025
643 0.935474 0.682081
644 0.935474 0.693512
645 0.935474 0.724558
646 0.935474 0.700897
647 0.935474 0.6853
648 0.935474 0.706758
649 0.936252 0.718424
650 0.936252 0.714132
651 0.936252 0.728511
652 0.936252 0.726396
653 0.936253 0.717774
654 0.936253 0.707858
655 0.936253 0.640566
656 0.936302 0.663743
657 0.936302 0.693794
658 0.936302 0.711415
659 0.936302 0.723176
660 0.936302 0.710122
661 0.936302 0.702484
662 0.936302 0.729052
663 0.936302 0.726226
664 0.936302 0.72264
665 0.936302 0.725499
666 0.936302 0.710872
667 0.936302 0.704584
668 0.936302 0.718221
669 0.936302 0.721621
670 0.936302 0.711002
671 0.936302 0.696584
672 0.936302 0.695846
673 0.936302 0.733748
674 0.936302 0.702229
675 0.936302 0.742129
676 0.936302 0.712719
677 0.936302 0.693422
678 0.936302 0.718722
679 0.936302 0.721788
680 0.936302 0.74116
681 0.936302 0.681494
682 0.936302 0.627825
683 0.936302 0.664991
684 0.936302 0.659814
685 0.936302 0.697964
686 0.936302 0.7157
687 0.936302 0.682439
688 0.936302 0.662618
689 0.936302 0.63518
690 0.936302 0.655864
691 0.936302 0.655093
692 0.936302 0.64348
693 0.936302 0.64986
694 0.936302 0.635124
695 0.936302 0.614888
696 0.936302 0.621556
697 0.936302 0.649907
698 0.936302 0.67097
699 0.936302 0.625099
700 0.936302 0.664086
701 0.936302 0.684646
702 0.936302 0.651792
703 0.936302 0.647017
704 0.936302 0.654551
705 0.936302 0.656781
706 0.936302 0.675871
707 0.936302 0.671917
708 0.936302 0.671073
709 0.936302 0.66562
710 0.936302 0.656117
711 0.936302 0.673727
712 0.936302 0.664494
713 0.936302 0.660907
714 0.936302 0.70946
715 0.936302 0.70008
716 0.936302 0.693067
717 0.936302 0.680496
718 0.936302 0.712152
719 0.936302 0.675968
720 0.936302 0.711236
721 0.936302 0.716077
722 0.936302 0.700227
723 0.936302 0.694826
724 0.936302 0.667539
725 0.936302 0.664446
726 0.936302 0.676495
727 0.936302 0.696902
728 0.936302 0.725921
729 0.936302 0.679421
730 0.936302 0.697887
731 0.936302 0.673539
732 0.936302 0.681136
733 0.936302 0.641824
734 0.936302 0.627626
735 0.936302 0.604813
736 0.936302 0.642611
737 0.936302 0.633502
738 0.936302 0.651552
739 0.936302 0.648128
740 0.936302 0.63518
741 0.936302 0.653548
742 0.936302 0.700056
743 0.936302 0.701383
744 0.936302 0.665138
745 0.936302 0.65872
746 0.936302 0.64684
747 0.936302 0.652022
748 0.936302 0.649888
749 0.936302 0.658377
750 0.936302 0.666665
751 0.936302 0.68846
752 0.936302 0.640634
753 0.936302 0.658576
754 0.936302 0.685927
755 0.936302 0.669672
756 0.936302 0.664369
757 0.936302 0.691499
758 0.936302 0.693863
759 0.936302 0.695308
760 0.936302 0.649837
761 0.936302 0.642131
762 0.936302 0.657518
763 0.936302 0.65604
764 0.936302 0.68955
765 0.936302 0.703249
766 0.936302 0.699134
767 0.936302 0.722892
768 0.936302 0.712108
769 0.936302 0.704099
770 0.936302 0.735412
771 0.936302 0.717276
772 0.936302 0.703543
773 0.936302 0.681034
774 0.936302 0.631743
775 0.936302 0.670665
776 0.936302 0.681631
777 0.936302 0.66863
778 0.936302 0.653133
779 0.936302 0.633264
780 0.936302 0.658718
781 0.936302 0.662978
782 0.936302 0.675392
783 0.936302 0.722545
784 0.936302 0.659562
785 0.936302 0.655584
786 0.936302 0.686901
787 0.936302 0.645506
788 0.936302 0.664527
789 0.936302 0.661961
790 0.936302 0.668645
791 0.936302 0.687119
792 0.936302 0.72078
793 0.936302 0.71267
794 0.936302 0.695131
795 0.936302 0.675813
796 0.936302 0.665851
797 0.936302 0.658839
798 0.936302 0.670095
799 0.936302 0.688546
800 0.936302 0.702834
801 0.936302 0.680741
802 0.936302 0.687525
803 0.936302 0.679781
804 0.936302 0.686386
805 0.936302 0.685378
806 0.936302 0.699022
807 0.936302 0.697281
808 0.936302 0.651751
809 0.936302 0.636951
810 0.936302 0.686312
811 0.936302 0.706714
812 0.936302 0.728248
813 0.936302 0.675441
814 0.936302 0.67214
815 0.936302 0.65815
816 0.936302 0.67644
817 0.936302 0.697689
818 0.936302 0.696582
819 0.936302 0.668356
820 0.936302 0.6875
821 0.936302 0.702842
822 0.936302 0.672644
823 0.936302 0.713768
824 0.936302 0.680789
825 0.936302 0.713807
826 0.936302 0.68434
827 0.936302 0.653241
828 0.936302 0.661537
829 0.936302 0.644452
830 0.936302 0.654103
831 0.936302 0.638104
832 0.936302 0.669778
833 0.936302 0.653055
834 0.936302 0.645696
835 0.936302 0.621257
836 0.936302 0.57668
837 0.936302 0.561081
838 0.936302 0.579797
839 0.936302 0.57373
840 0.936302 0.591884
841 0.936302 0.625249
842 0.936302 0.635631
843 0.936302 0.627464
844 0.936302 0.632659
845 0.936302 0.625432
846 0.936302 0.620302
847 0.936302 0.61851
848 0.936302 0.635631
849 0.936302 0.625859
850 0.936302 0.628934
851 0.936302 0.652787
852 0.936302 0.691937
853 0.936302 0.700078
854 0.936302 0.708178
855 0.936302 0.682197
856 0.936302 0.689994
857 0.936302 0.702309
858 0.936302 0.695473
859 0.936302 0.658998
860 0.936302 0.655917
861 0.936302 0.681127
862 0.936302 0.677247
863 0.936302 0.692875
864 0.936302 0.688107
865 0.936302 0.697288
866 0.936302 0.649578
867 0.936302 0.689343
868 0.936302 0.675709
869 0.936302 0.689444
870 0.936302 0.677339
871 0.936302 0.660962
872 0.936302 0.668376
873 0.936302 0.666903
874 0.936302 0.655535
875 0.936302 0.651926
876 0.936302 0.648991
877 0.936302 0.652625
878 0.936302 0.640403
879 0.936302 0.648043
880 0.936302 0.624225
881 0.936302 0.609805
882 0.936302 0.59226
883 0.936302 0.608508
884 0.936302 0.668528
885 0.936302 0.639967
886 0.936302 0.621937
887 0.936302 0.640781
888 0.936302 0.605623
889 0.936302 0.615315
890 0.936302 0.616582
891 0.936302 0.600454
892 0.936302 0.625507
893 0.936302 0.627698
894 0.936302 0.624428
895 0.936302 0.646426
896 0.936302 0.615759
897 0.936302 0.632505
898 0.936302 0.597837
899 0.936302 0.597083
900 0.936302 0.598115
901 0.936302 0.584586
902 0.936302 0.581427
903 0.936302 0.588825
904 0.936302 0.635057
905 0.936302 0.617288
906 0.936302 0.62782
907 0.936302 0.646567
908 0.936302 0.644414
909 0.936302 0.662194
910 0.936302 0.630595
911 0.936302 0.640307
912 0.936302 0.633543
913 0.936302 0.645797
914 0.936302 0.65224
915 0.936302 0.655001
916 0.936302 0.584266
917 0.936302 0.614633
918 0.936302 0.647166
919 0.936302 0.64736
920 0.936302 0.667479
921 0.936302 0.660762
922 0.936302 0.695978
923 0.936302 0.662735
924 0.936302 0.706017
925 0.936302 0.685029
926 0.936302 0.678808
927 0.936302 0.681036
928 0.936302 0.673012
929 0.936302 0.641166
930 0.936302 0.666883
931 0.936302 0.6545
932 0.936302 0.647029
933 0.936302 0.675131
934 0.936302 0.666019
935 0.936302 0.651706
936 0.936302 0.665843
937 0.936302 0.652317
938 0.936302 0.653569
939 0.936302 0.644728
940 0.936302 0.617367
941 0.936302 0.606363
942 0.936302 0.617006
943 0.936302 0.632594
944 0.936302 0.609609
945 0.936302 0.598431
946 0.936302 0.588357
947 0.936302 0.627374
948 0.936302 0.599323
949 0.936302 0.629527
950 0.936302 0.661027
951 0.936302 0.662516
952 0.936302 0.642542
953 0.936302 0.651046
954 0.936302 0.684181
955 0.936302 0.641012
956 0.936302 0.625284
957 0.936302 0.616847
958 0.936302 0.597601
959 0.936302 0.610609
960 0.936302 0.589422
961 0.936302 0.55869
962 0.936302 0.636325
963 0.936302 0.618705
964 0.936302 0.633718
965 0.936302 0.627208
966 0.936302 0.637998
967 0.936302 0.609793
968 0.936302 0.560192
969 0.936302 0.591562
970 0.936302 0.60577
971 0.936302 0.623619
972 0.936302 0.618204
973 0.936302 0.654871
974 0.936302 0.646206
975 0.936302 0.608388
976 0.936302 0.623137
977 0.936302 0.647174
978 0.936302 0.607717
979 0.936302 0.625948
980 0.936302 0.66928
981 0.936302 0.682738
982 0.936302 0.680751
983 0.936302 0.688769
984 0.936302 0.695689
985 0.936302 0.711263
986 0.936302 0.6825
987 0.936302 0.678132
988 0.936302 0.659013
989 0.936302 0.608339
990 0.936302 0.65826
991 0.936302 0.66979
992 0.936302 0.668457
993 0.936302 0.64223
994 0.936302 0.655085
995 0.936302 0.663559
996 0.936302 0.682289
997 0.936302 0.655566
998 0.936302 0.665902
999 0.936302 0.671374
1000 0.936302 0.664333
1000 0.460018 0.334895
1000 0.458643 0.334714
